,RANK,COUNTRY,PLAYER,CHANGE +/-,WIN - LOSE,PRIZE MONEY,POINTS / TOURNAMENTS
0,1,CHN,LI Xuerui,1,233 - 51,"$626,110.00","85,217 / 10"
1,2,ESP,Carolina MARIN,1,193 - 62,"$224,481.00","80,752 / 14"
2,3,IND,Saina NEHWAL,-2,301 - 129,"$570,610.00","79,192 / 14"
3,4,TPE,TAI Tzu Ying,0,174 - 103,"$226,905.00","72,920 / 14"
4,5,KOR,SUNG Ji Hyun,2,205 - 107,"$298,365.00","68,498 / 14"
5,6,THA,Ratchanok INTANON,-1,213 - 98,"$295,955.00","67,937 / 15"
6,7,CHN,WANG Shixian,-1,236 - 70,"$658,775.00","67,810 / 12"
7,8,CHN,WANG Yihan,0,324 - 78,"$738,865.50","63,428 / 15"
8,9,CHN,SUN Yu,0,82 - 27,"$77,655.00","59,770 / 10"
9,10,JPN,Nozomi OKUHARA,0,122 - 40,"$67,355.50","56,964 / 15"
10,11,JPN,Akane YAMAGUCHI,0,96 - 30,"$69,527.50","54,905 / 15"
11,12,KOR,BAE Yeon Ju,0,198 - 118,"$188,907.50","53,306 / 14"
12,13,USA,Beiwen ZHANG,0,146 - 73,"$52,001.12","50,460 / 16"
13,14,IND,PUSARLA V. Sindhu,0,151 - 64,"$84,253.00","46,990 / 10"
14,15,CAN,Michelle LI,0,189 - 75,"$46,309.50","46,747 / 18"
15,16,JPN,Sayaka TAKAHASHI,0,122 - 55,"$65,367.00","44,710 / 14"
16,17,JPN,Minatsu MITANI,0,107 - 69,"$83,742.50","42,990 / 13"
17,18,THA,Busanan ONGBUMRUNGPHAN,0,133 - 66,"$52,695.00","42,295 / 14"
18,19,CHN,LIU Xin (F),0,116 - 42,"$138,327.50","38,800 / 7"
19,20,TPE,PAI Yu Po,3,76 - 58,"$18,612.50","37,930 / 19"
20,21,ESP,Beatriz CORRALES,-1,173 - 81,"$23,034.50","37,765 / 20"
21,22,THA,Porntip BURANAPRASERTSUK,-1,166 - 138,"$110,945.00","37,750 / 15"
22,23,HKG,YIP Pui Yin,-1,188 - 172,"$101,275.00","37,505 / 16"
23,24,JPN,Sayaka SATO,0,139 - 93,"$63,325.00","37,380 / 13"
24,25,HKG,CHEUNG Ngan Yi,0,58 - 51,"$12,845.00","36,948 / 16"
25,26,TPE,HSU Ya Ching,0,73 - 62,"$23,800.00","36,200 / 17"
26,27,INA,Maria Febe KUSUMASTUTI,1,133 - 95,"$39,289.00","35,190 / 13"
27,28,THA,Nitchaon JINDAPOL,-1,116 - 80,"$62,185.00","34,750 / 13"
28,29,GER,Karin SCHNAASE,0,179 - 146,"$17,793.80","34,014 / 20"
29,30,JPN,Kaori IMABEPPU,1,139 - 86,"$47,729.50","33,220 / 13"
30,31,BUL,Linda ZETCHIRI,1,251 - 170,"$30,986.40","32,740 / 17"
31,32,SCO,Kirsty GILMOUR,2,123 - 60,"$26,264.00","32,300 / 14"
32,33,USA,Iris WANG,2,90 - 82,"$14,125.50","31,685 / 22"
33,34,KOR,KIM Hyo Min,6,90 - 41,"$12,325.50","31,260 / 10"
34,35,JPN,Yui HASHIMOTO,-5,81 - 38,"$61,264.00","30,610 / 12"
35,36,INA,Lindaweni FANETRI,0,96 - 81,"$44,522.50","30,165 / 10"
36,37,INA,Adrianti FIRDASARI,-4,160 - 124,"$61,622.50","30,090 / 8"
37,38,SIN,Jiayuan CHEN,0,94 - 94,"$12,932.37","29,689 / 12"
38,39,DEN,Line KJAERSFELDT,0,95 - 59,"$6,672.50","29,372 / 14"
39,40,USA,SCHAFER Rong,1,74 - 39,"$7,557.50","28,640 / 23"
40,41,BUL,Petya NEDELCHEVA,1,460 - 224,"$76,226.50","28,530 / 18"
41,42,JPN,Aya OHORI,-5,79 - 31,"$12,795.00","28,090 / 10"
42,43,SUI,Sabrina JAQUET,0,129 - 123,"$9,726.50","27,831 / 19"
43,44,MAS,Jing Yi TEE,14,75 - 88,"$14,033.50","27,240 / 10"
44,45,TUR,Neslihan YIGIT,-1,157 - 64,"$7,588.00","27,192 / 13"
45,46,FRA,Sashina VIGNES WARAN,0,156 - 99,"$13,627.00","27,057 / 15"
46,47,DEN,Anna Thea MADSEN,0,106 - 44,"$3,800.00","26,947 / 13"
47,48,VIE,Thi Trang (B) VU,0,51 - 49,"$7,478.00","26,872 / 12"
48,49,IRL,Chloe MAGEE,0,155 - 131,"$15,166.75","26,792 / 15"
49,50,USA,Jamie SUBANDHI,0,71 - 72,"$3,837.50","26,735 / 21"
50,51,ITA,Jeanine CICOGNINI,0,171 - 124,"$16,816.25","26,717 / 15"
51,52,CHN,YAO Xue,14,64 - 33,"$43,770.00","26,690 / 8"
52,53,RUS,Natalia PERMINOVA,-1,94 - 80,"$7,069.50","26,509 / 18"
53,54,RUS,Ksenia POLIKARPOVA,-1,86 - 78,"$6,390.00","26,113 / 19"
54,55,INA,Bellaetrix MANUPUTTY,0,90 - 68,"$17,891.00","25,814 / 10"
55,56,JPN,Kana ITO,0,95 - 39,"$14,433.00","25,720 / 7"
56,57,INA,Hana RAMADHINI,0,68 - 37,"$7,025.50","25,220 / 11"
57,58,ENG,Fontaine Mica CHAPMAN,1,86 - 67,"$2,620.00","24,555 / 17"
58,59,CAN,Rachel HONDERICH,2,26 - 22,$737.50,"24,229 / 12"
59,60,CHN,HE Bingjiao,2,58 - 12,"$32,495.00","24,210 / 6"
60,61,MAS,Lyddia Yi Yu CHEAH,6,98 - 105,"$17,060.50","23,560 / 13"
61,62,TPE,CHENG Chi Ya,1,50 - 40,"$10,516.50","23,510 / 10"
62,63,BRA,Fabiana SILVA,1,79 - 67,"$2,790.00","23,395 / 16"
63,64,INA,Ruselli HARTAWAN,1,53 - 32,"$5,695.00","23,180 / 11"
64,65,BRA,Lohaynny VICENTE,3,95 - 41,"$5,417.50","22,593 / 14"
65,66,IND,P. C. Thulasi,-12,61 - 52,"$12,368.50","22,430 / 8"
66,67,UKR,Maria ULITINA,2,106 - 59,"$5,705.50","22,260 / 13"
67,68,CHN,HAN Li,-23,69 - 37,"$79,550.00","22,140 / 6"
68,69,IND,Saili RANE,2,49 - 38,"$4,740.00","21,410 / 10"
69,70,EST,Kati TOLMOFF,2,178 - 103,"$5,502.60","21,277 / 12"
70,71,INA,Millicent WIRANTO,-1,0 - 0,,"20,780 / 18"
71,72,TUR,Ozge BAYRAK,1,0 - 0,,"20,717 / 15"
72,73,MAS,Li Lian YANG,1,0 - 0,,"20,640 / 9"
73,74,DEN,Mette POULSEN,1,0 - 0,,"20,420 / 12"
74,75,NED,Soraya DE VISCH EIJBERGEN,1,0 - 0,,"20,326 / 18"
75,76,RUS,Olga GOLOVANOVA,1,0 - 0,,"20,220 / 13"
76,77,TUR,Ebru TUNALI,1,0 - 0,,"20,134 / 16"
77,78,BUL,Stefani STOEVA,1,0 - 0,,"20,010 / 12"
78,79,NGR,Grace GABRIEL,1,0 - 0,,"19,929 / 14"
79,80,RUS,Evgeniya KOSETSKAYA,1,0 - 0,,"19,620 / 16"
80,81,CZE,Zuzana PAVELKOVA,1,0 - 0,,"19,499 / 18"
81,82,BEL,Lianne TAN,1,0 - 0,,"19,465 / 16"
82,83,AUT,Elisabeth BALDAUF,1,0 - 0,,"19,346 / 15"
83,84,JPN,Eriko HIROSE,-24,0 - 0,,"19,340 / 6"
84,85,FRA,Delphine LANSAC,0,0 - 0,,"18,854 / 15"
85,86,TPE,HUNG Shih Han,0,0 - 0,,"18,720 / 15"
86,87,THA,Supanida KATETHONG,1,0 - 0,,"18,240 / 7"
87,88,PER,Daniela MACIAS,1,0 - 0,,"18,075 / 15"
88,89,THA,Pornpawee CHOCHUWONG,1,0 - 0,,"17,960 / 9"
89,90,MRI,Kate FOO KUNE,1,0 - 0,,"17,480 / 19"
90,91,IND,Tanvi LAD,1,0 - 0,,"17,480 / 8"
91,92,INA,Rusydina Antardayu RIODINGIN,1,0 - 0,,"17,180 / 10"
92,93,MAS,Sannatasah SANIRU,1,0 - 0,,"16,980 / 12"
93,94,PER,Danica NISHIMURA,1,0 - 0,,"16,883 / 15"
94,95,CZE,Kristina GAVNHOLT,1,0 - 0,,"16,830 / 11"
95,96,AUS,Joy LAI,-9,0 - 0,,"16,649 / 9"
96,97,GUA,Nikte Alejandra SOTOMAYOR,0,0 - 0,,"16,637 / 11"
97,98,GER,Fabienne DEPREZ,0,0 - 0,,"16,480 / 15"
98,99,MEX,Haramara GAITAN,0,0 - 0,,"16,412 / 11"
99,100,SVK,Jana CIZNAROVA,0,0 - 0,,"16,221 / 14"
100,101,SIN,Xiaoyu LIANG,0,0 - 0,,"15,906 / 11"
101,102,FIN,Nanna VAINIO,0,0 - 0,,"15,861 / 16"
102,103,TPE,PAI Hsiao Ma,0,0 - 0,,"15,780 / 7"
103,104,INA,Aprillia YUSWANDARI,0,0 - 0,,"15,760 / 6"
104,105,HUN,Laura SAROSI,0,0 - 0,,"15,470 / 16"
105,106,MEX,Mariana UGALDE,0,0 - 0,,"15,463 / 11"
106,107,RUS,Elena KOMENDROVSKAJA,0,0 - 0,,"15,360 / 14"
107,108,INA,Dinar Dyah AYUSTINE,0,0 - 0,,"15,340 / 10"
108,109,TUR,Ebru YAZGAN,0,0 - 0,,"15,220 / 16"
109,110,DEN,Sandra-Maria JENSEN,0,0 - 0,,"15,140 / 13"
110,111,PER,Luz Maria ZORNOZA,0,0 - 0,,"15,110 / 14"
111,112,TPE,Chia Hsin LEE,0,0 - 0,,"15,010 / 8"
112,113,UGA,Bridget Shamim BANGI,0,0 - 0,,"14,990 / 12"
113,114,LTU,Akvile STAPUSAITYTE,7,0 - 0,,"14,988 / 12"
114,115,CHN,CHEN Yufei,-1,0 - 0,,"14,890 / 5"
115,116,SUI,Nicole SCHALLER,-1,0 - 0,,"14,880 / 11"
116,117,MAS,Yin Fun LIM,-1,0 - 0,,"14,783 / 11"
117,118,DEN,Mia BLICHFELDT,-1,0 - 0,,"14,660 / 9"
118,118,TPE,CHIANG Mei Hui,-1,0 - 0,,"14,660 / 9"
119,120,JPN,Ayumi MINE,-1,0 - 0,,"14,180 / 6"
120,121,BRA,Ana Paula CAMPOS,-1,0 - 0,,"14,171 / 13"
121,122,BLR,Alesia ZAITSAVA,0,0 - 0,,"13,884 / 14"
122,123,EGY,Hadia HOSNY,0,0 - 0,,"13,800 / 11"
123,124,FRA,Perrine LE BUHANIC,0,0 - 0,,"13,711 / 12"
124,125,CAN,Brittney TAM,0,0 - 0,,"13,470 / 8"
125,126,CRO,Dorotea SUTARA,0,0 - 0,,"13,430 / 14"
126,127,MAS,Yen Mei HO,0,0 - 0,,"13,370 / 11"
127,128,MAS,Rui Chen YAP,0,0 - 0,,"13,370 / 10"
128,129,INA,Hera DESI,0,0 - 0,,"13,180 / 5"
129,130,TUR,Cemre FERE,0,0 - 0,,"13,120 / 15"
130,131,IND,Arundhati PANTAWANE,0,0 - 0,,"13,000 / 5"
131,132,BEL,Marie DEMY,0,0 - 0,,"12,960 / 13"
132,133,MAS,Chiew Sien LIM,0,0 - 0,,"12,780 / 9"
133,134,SVK,Martina REPISKA,0,0 - 0,,"12,627 / 16"
134,135,JPN,Shizuka Uchida,1,0 - 0,,"12,400 / 7"
135,136,MAS,LEE Zii Yii,1,0 - 0,,"12,190 / 9"
136,137,INA,Gregoria MARISKA,1,0 - 0,,"12,140 / 6"
137,138,ENG,Chloe BIRCH,1,0 - 0,,"12,110 / 12"
138,139,RUS,Victoria SLOBODJANUK,1,0 - 0,,"12,110 / 9"
139,140,AUS,Hsuan-Yu Wendy CHEN,1,0 - 0,,"11,940 / 6"
140,141,JPN,Yuka KUSUNOSE,1,0 - 0,,"11,920 / 5"
141,142,SWE,Ellinor WIDH,1,0 - 0,,"11,873 / 11"
142,143,POL,Anna NAREL,1,0 - 0,,"11,873 / 8"
143,144,MEX,Cynthia GONZALEZ,1,0 - 0,,"11,860 / 7"
144,145,DEN,Natalia Koch ROHDE,1,0 - 0,,"11,650 / 8"
145,146,FIN,Airi MIKKELA,1,0 - 0,,"11,577 / 15"
146,147,KOR,Jang Mi LEE,1,0 - 0,,"11,140 / 5"
147,148,USA,Crystal PAN,1,0 - 0,,"11,040 / 5"
148,149,RSA,Elme DE VILLIERS,1,0 - 0,,"10,928 / 7"
149,150,UKR,Yelyzaveta ZHARKA,1,0 - 0,,"10,900 / 8"
150,151,KOR,KOH EunByeol,1,0 - 0,,"10,900 / 6"
151,152,CHN,HUI Xirui,1,0 - 0,,"10,810 / 3"
152,153,GER,Olga KONON,1,0 - 0,,"10,790 / 6"
153,154,IND,GADDE Ruthvika Shivani,1,0 - 0,,"10,790 / 4"
154,155,USA,Christine LOOK,1,0 - 0,,"10,770 / 10"
155,156,AUT,Simone PRUTSCH,-21,0 - 0,,"10,730 / 16"
156,157,TPE,Ying Chun LIN,0,0 - 0,,"10,720 / 6"
157,158,NZL,Anna RANKIN,10,0 - 0,,"10,700 / 16"
158,159,WAL,Carissa TURNER,-1,0 - 0,,"10,663 / 11"
159,160,IRI,AGHAEI Hajiagha Soraya,-1,0 - 0,,"10,630 / 7"
160,161,ENG,Nicola CERFONTYNE,-1,0 - 0,,"10,620 / 12"
161,162,INA,SUSANTO Yulia Yosephin,-1,0 - 0,,"10,350 / 13"
162,163,EST,Karoliine HOIM,-1,0 - 0,,"10,340 / 13"
163,164,INA,Fitriani FITRIANI,-1,0 - 0,,"10,220 / 6"
164,165,TPE,Shuo Yun SUNG,-1,0 - 0,,"10,200 / 7"
165,166,TUR,Kader Ä°NAL,0,0 - 0,,"10,170 / 9"
166,167,IND,Riya PILLAI,0,0 - 0,,"10,140 / 5"
167,168,INA,Febby ANGGUNI,1,0 - 0,,"9,720 / 7"
168,169,THA,Sarita SUWANNAKITBORIHAN,1,0 - 0,,"9,720 / 6"
169,170,EST,Laura VANA,1,0 - 0,,"9,520 / 13"
170,171,UKR,Natalya VOYTSEKH,1,0 - 0,,"9,420 / 6"
171,172,AUS,Melinda SUN,6,0 - 0,,"9,400 / 8"
172,173,CHN,SHEN Yaying,0,0 - 0,,"9,310 / 3"
173,174,SWE,Matilda PETERSEN,0,0 - 0,,"9,152 / 10"
174,175,CHN,LI Yun,0,0 - 0,,"9,130 / 4"
175,176,TPE,Chien Hui YU,1,0 - 0,,"9,080 / 7"
176,177,DOM,VIBIECA BERONICA,2,0 - 0,,"8,924 / 7"
177,178,AUS,Jennifer TAM,-13,0 - 0,,"8,840 / 5"
178,179,RUS,Evgenia DIMOVA,1,0 - 0,,"8,830 / 10"
179,180,JPN,Anna DOI,1,0 - 0,,"8,830 / 4"
180,181,AUS,Ruwindi SERASINGHE,5,0 - 0,,"8,810 / 7"
181,182,CZE,Katerina TOMALOVA,7,0 - 0,,"8,790 / 13"
182,183,RUS,Anastasia CHERVYAKOVA,20,0 - 0,,"8,780 / 8"
183,184,DEN,Julie FINNE-IPSEN,-2,0 - 0,,"8,760 / 8"
184,185,POL,Weronika GRUDZINA,2,0 - 0,,"8,747 / 13"
185,186,CRO,Maja PAVLINIC,-3,0 - 0,,"8,733 / 9"
186,187,CHN,FAN Mengyan,-3,0 - 0,,"8,710 / 3"
187,188,PER,Camilla GARCIA,-3,0 - 0,,"8,640 / 8"
188,189,TPE,CHANG Ya Lan,-1,0 - 0,,"8,360 / 6"
189,190,GER,Yvonne LI,0,0 - 0,,"8,180 / 7"
190,191,JPN,Saena KAWAKAMI,0,0 - 0,,"7,920 / 2"
191,192,IND,Shruti MUNDADA,0,0 - 0,,"7,850 / 5"
192,193,AUS,Alice WU,-17,0 - 0,,"7,770 / 5"
193,194,ESP,Clara AZURMENDI,-1,0 - 0,,"7,746 / 8"
194,195,ENG,Panuga RIOU,-1,0 - 0,,"7,730 / 3"
195,196,IND,Rituparna DAS,-1,0 - 0,,"7,720 / 3"
196,197,LAT,Kristine SEFERE,3,0 - 0,,"7,683 / 12"
197,198,ENG,Sarah WALKER,-2,0 - 0,,"7,590 / 5"
198,199,SUI,Ayla HUSER,-2,0 - 0,,"7,390 / 13"
199,200,MAS,Julia Pei Xian WONG,-2,0 - 0,,"7,230 / 5"
200,201,THA,Supamart MINGCHUA,-2,0 - 0,,"7,190 / 6"
201,202,ARG,Florencia BERNATENE,-1,0 - 0,,"7,092 / 10"
202,203,ARG,Daiana GARMENDIA,-1,0 - 0,,"7,092 / 10"
203,204,SUI,Nicole ANKLI,0,0 - 0,,"7,070 / 15"
204,205,FIN,Sonja PEKKOLA,0,0 - 0,,"7,070 / 11"
205,206,HUN,Daniella GONDA,0,0 - 0,,"6,894 / 11"
206,207,IRI,Negin AMIRIPOUR,0,0 - 0,,"6,810 / 6"
207,208,INA,PURWANINGTYAS Elyzabeth,0,0 - 0,,"6,780 / 3"
208,209,DOM,Daigenis SATURRIA,0,0 - 0,,"6,612 / 6"
209,210,RUS,Ekaterina BOLOTOVA,4,0 - 0,,"6,550 / 7"
210,211,INA,Lyanny Alessandra MAINAKY,-1,0 - 0,,"6,520 / 7"
211,212,ZAM,Ogar SIAMUPANGILA,-1,0 - 0,,"6,420 / 6"
212,213,INA,Ratoputri FEBTRIA ADISTRA,-1,0 - 0,,"6,370 / 5"
213,214,IND,Neha PANDIT,-1,0 - 0,,"6,330 / 4"
214,215,IND,Rucha NIKAM,0,0 - 0,,"6,090 / 3"
215,216,SWE,Behnaz PIRZAMANBEIN,0,0 - 0,,"6,060 / 12"
216,217,MEX,Sabrina SOLIS,0,0 - 0,,"6,050 / 6"
217,218,CHN,SUO Di,0,0 - 0,,"6,050 / 1"
218,219,BEL,Flore VANDENHOUCKE,0,0 - 0,,"5,970 / 11"
219,220,LAT,Ieva POPE,5,0 - 0,,"5,957 / 12"
220,221,FRA,Anne TRAN,0,0 - 0,,"5,888 / 13"
221,222,JPN,Mayu MATSUMOTO,0,0 - 0,,"5,880 / 3"
222,223,TPE,Ling Fang HU,1,0 - 0,,"5,780 / 6"
223,224,SUI,Cendrine HANTZ,2,0 - 0,,"5,770 / 11"
224,225,INA,Intan Dwi JAYANTI,2,0 - 0,,"5,750 / 4"
225,226,JPN,Ayako SAKURAMOTO,2,0 - 0,,"5,750 / 3"
226,227,IND,Juhi DEWANGAN,2,0 - 0,,"5,710 / 4"
227,228,NED,Gayle MAHULETTE,17,0 - 0,,"5,650 / 6"
228,229,TPE,CHEN Shih Ying,1,0 - 0,,"5,620 / 6"
229,230,ENG,Kerri SCOTT,1,0 - 0,,"5,610 / 10"
230,231,CHN,GAO Fangjie,1,0 - 0,,"5,570 / 3"
231,232,THA,Alisa SAPNITI,1,0 - 0,,"5,560 / 4"
232,233,THA,Kunjira KHONGDEE,1,0 - 0,,"5,480 / 6"
233,234,RUS,Viktoriia VOROBEVA,1,0 - 0,,"5,420 / 6"
234,235,SRI,Achini RATNASIRI,1,0 - 0,,"5,387 / 4"
235,236,CHN,CHEN Xiaoxin,1,0 - 0,,"5,380 / 2"
236,237,UKR,Yuliya KAZARINOVA,1,0 - 0,,"5,360 / 7"
237,238,SLO,Kaja STANKOVIC,1,0 - 0,,"5,332 / 8"
238,239,INA,Ana ROVITA,1,0 - 0,,"5,320 / 5"
239,240,MAS,Soniia Su Ya CHEAH,1,0 - 0,,"5,240 / 3"
240,241,FRA,Marie BATOMENE,40,0 - 0,,"5,230 / 13"
241,242,LAT,Monika RADOVSKA,29,0 - 0,,"5,190 / 10"
242,243,DEN,Sofie Holmboe DAHL,-1,0 - 0,,"5,180 / 7"
243,244,GUA,Beatriz RAMOS,-1,0 - 0,,"5,133 / 5"
244,245,INA,Jauza Fadhila SUGIARTO,-1,0 - 0,,"5,130 / 8"
245,246,FIN,Riikka SINKKO,20,0 - 0,,"5,020 / 8"
246,247,DEN,Irina Amalie ANDERSEN,-1,0 - 0,,"5,000 / 7"
247,248,POR,Telma SANTOS,-1,0 - 0,,"5,000 / 2"
248,249,GER,Anika DÃRR,-1,0 - 0,,"4,980 / 8"
249,250,DEN,Julie Dawall JAKOBSEN,-1,0 - 0,,"4,950 / 7"
250,251,UKR,Darya SAMARCHANTS,-1,0 - 0,,"4,910 / 8"
251,252,JPN,Natsuki NIDAIRA,-1,0 - 0,,"4,900 / 3"
252,253,JPN,Chisato HOSHI,-1,0 - 0,,"4,900 / 1"
253,254,MAC,Teng Iok U,-1,0 - 0,,"4,880 / 5"
254,255,DOM,Licelott SANCHEZ,-1,0 - 0,,"4,869 / 5"
255,256,BUL,Mariya MITSOVA,-1,0 - 0,,"4,830 / 5"
256,257,IND,Mudra DHAINJE,-1,0 - 0,,"4,810 / 3"
257,258,NZL,Alyse DERBY,-1,0 - 0,,"4,800 / 4"
258,259,TPE,Su Yu CHEN,-1,0 - 0,,"4,780 / 6"
259,260,CRO,Katarina GALENIC,-1,0 - 0,,"4,772 / 6"
260,261,INA,Marsa Indah SALSABILA,-1,0 - 0,,"4,770 / 2"
261,262,UKR,Maryna ILYINSKAYA,-1,0 - 0,,"4,760 / 5"
262,263,MAS,Jin Wei GOH,-1,0 - 0,,"4,760 / 3"
263,264,SWE,Jenny WAN,-1,0 - 0,,"4,700 / 7"
264,265,EST,Getter SAAR,72,0 - 0,,"4,680 / 10"
265,266,ECU,Maria Delia ZAMBRANO,-2,0 - 0,,"4,680 / 5"
266,266,PER,Camila DUANY,-2,0 - 0,,"4,680 / 5"
267,268,IND,Sayali GOKHALE,-1,0 - 0,,"4,660 / 3"
268,269,JPN,Rei NAGATA,-1,0 - 0,,"4,640 / 3"
269,270,INA,Yeni ASMARANI,-1,0 - 0,,"4,630 / 4"
270,271,KOR,Na Young KIM,-1,0 - 0,,"4,620 / 4"
271,272,EGY,Doha HANY,0,0 - 0,,"4,590 / 4"
272,272,BRA,Gabriela SANTOS,0,0 - 0,,"4,590 / 4"
273,274,MRI,Yeldy Marie LOUISON,0,0 - 0,,"4,580 / 4"
274,275,IND,Rasika RAJE,0,0 - 0,,"4,560 / 3"
275,276,WAL,Aimee MORAN,0,0 - 0,,"4,530 / 9"
276,277,CZE,Lucie CERNA,0,0 - 0,,"4,530 / 6"
277,278,GRE,Ioanna KARKANTZIA,14,0 - 0,,"4,520 / 10"
278,279,AUS,Tiffany HO,-56,0 - 0,,"4,520 / 3"
279,280,MAS,"Peiy Yee, Payee LIM",-2,0 - 0,,"4,510 / 8"
280,281,BRA,Mariana Pedrol FREITAS,-2,0 - 0,,"4,500 / 4"
281,282,DEN,Sara ORTVANG,-2,0 - 0,,"4,490 / 7"
282,283,SRB,Milica SIMIC,-1,0 - 0,,"4,470 / 11"
283,284,SIN,Ai Ninna TAN,-1,0 - 0,,"4,460 / 7"
284,285,INA,Josephine LEONILA,-1,0 - 0,,"4,430 / 4"
285,286,ROU,Sonia OLARIU,27,0 - 0,,"4,410 / 8"
286,287,RUS,Ella DIEHL,-2,0 - 0,,"4,400 / 2"
287,288,IRI,Pegah KAMRANI,-2,0 - 0,,"4,370 / 4"
288,289,CAN,Kyleigh OâDONOGHUE,-2,0 - 0,,"4,320 / 2"
289,290,CHN,QIN Jinjing,-2,0 - 0,,"4,320 / 1"
290,291,GUA,Ana Lucia DE LEON,-2,0 - 0,,"4,280 / 4"
291,292,KOR,Song MIN JIN,-2,0 - 0,,"4,220 / 2"
292,293,NED,Alida CHEN,-2,0 - 0,,"4,201 / 8"
293,294,SRI,Lekha SHEHANI,-1,0 - 0,,"4,165 / 5"
294,295,EST,Kristin KUUBA,38,0 - 0,,"4,150 / 10"
295,296,GER,Annika HORBACH,-2,0 - 0,,"4,150 / 7"
296,297,POR,Sonia GONCALVES,-2,0 - 0,,"4,150 / 6"
297,298,VIE,Nhu Thao PHAM,-2,0 - 0,,"4,130 / 4"
298,299,WAL,Jordan HART,-2,0 - 0,,"4,120 / 6"
299,300,NZL,Rebecca GODDARD,-2,0 - 0,,"4,110 / 4"
300,301,TPE,Ting Yu LIANG,-2,0 - 0,,"4,090 / 5"
301,302,UKR,Vladyslava LESNAYA,-2,0 - 0,,"4,040 / 3"
302,303,INA,Ganis Nur RAHMADANI,-2,0 - 0,,"4,030 / 4"
303,304,JPN,Yuki FUKUSHIMA,-2,0 - 0,,"4,000 / 1"
304,305,AUS,Elena Yee-Man KWOK,-2,0 - 0,,"3,950 / 2"
305,306,BRA,Paloma Eduarda da SILVA,-2,0 - 0,,"3,910 / 4"
306,307,JPN,Sayaka HIROTA,-2,0 - 0,,"3,890 / 3"
307,308,IND,MUKHERJEE Riya,-2,0 - 0,,"3,890 / 2"
308,308,IND,Ekta KALIA,-2,0 - 0,,"3,890 / 2"
309,310,EGY,Nadine ASHRAF,-2,0 - 0,,"3,880 / 6"
310,311,THA,Natcha SAENGCHOTE,-2,0 - 0,,"3,880 / 3"
311,312,AUS,Talia SAUNDERS,-2,0 - 0,,"3,850 / 1"
312,313,TPE,CHEN Hsiao Huan,-2,0 - 0,,"3,840 / 3"
313,314,JPN,Masayo NOJIRINO,-2,0 - 0,,"3,830 / 4"
314,315,ENG,Georgina BLAND,37,0 - 0,,"3,770 / 7"
315,316,ENG,Lydia Jane POWELL,-2,0 - 0,,"3,770 / 4"
316,317,IND,Kuhoo GARG,-2,0 - 0,,"3,740 / 2"
317,318,INA,Made Deya Surya SARASWATI,-2,0 - 0,,"3,730 / 4"
318,319,ESP,Isabel FERNANDEZ,-2,0 - 0,,"3,690 / 6"
319,320,RSA,Michelle BUTLER-EMMETT,-2,0 - 0,,"3,680 / 4"
320,321,SIN,Hui Zhen Grace CHUA,-2,0 - 0,,"3,670 / 3"
321,322,INA,Linda AGNES,-2,0 - 0,,"3,650 / 7"
322,323,FRA,Joanna CHAUBE,-2,0 - 0,,"3,630 / 5"
323,324,ISR,Dana KUGEL,-2,0 - 0,,"3,627 / 4"
324,325,TUR,Yaren DOLCU,-2,0 - 0,,"3,600 / 6"
325,326,RUS,Elizaveta PYATINA,39,0 - 0,,"3,590 / 4"
326,327,SUR,Crystal LEEFMANS,-2,0 - 0,,"3,590 / 3"
327,328,BRA,Yasmin CURY,-2,0 - 0,,"3,580 / 3"
328,328,VIE,Thu Huyen LE,-2,0 - 0,,"3,580 / 3"
329,328,BAR,Sabrina SCOTT,-2,0 - 0,,"3,580 / 3"
330,331,HKG,CHEUNG Ying Mei,-2,0 - 0,,"3,579 / 6"
331,332,ZAM,Evelyn SIAMUPANGILA,-2,0 - 0,,"3,570 / 5"
332,333,NGR,Dorcas Ajoke ADESOKAN,-2,0 - 0,,"3,570 / 2"
333,333,NGR,Tosin Damilola ATOLAGBE,-2,0 - 0,,"3,570 / 2"
334,335,IND,Sara NAQVI,-1,0 - 0,,"3,550 / 3"
335,336,RSA,Sandra LE GRANGE,-1,0 - 0,,"3,540 / 4"
336,337,TPE,Wan Yi TANG,-1,0 - 0,,"3,520 / 4"
337,338,ARG,Barbara Maria BERRUEZO,0,0 - 0,,"3,480 / 6"
338,338,EGY,Menna ELTANANY,0,0 - 0,,"3,480 / 6"
339,340,SUI,Nadia FANKHAUSER,0,0 - 0,,"3,470 / 12"
340,341,IND,Lalita DAHIYA,0,0 - 0,,"3,470 / 3"
341,341,IND,Jyoti NASHIER,0,0 - 0,,"3,470 / 3"
342,343,HKG,TSANG Wing Chiu Avery,0,0 - 0,,"3,420 / 6"
343,344,CHI,Camila MACAYA,0,0 - 0,,"3,390 / 4"
344,345,NZL,Vicki COPELAND,0,0 - 0,,"3,390 / 3"
345,346,MAS,Peiy Zhean LIM,0,0 - 0,,"3,370 / 7"
346,347,INA,Gabriela Meilani MONINGKA,0,0 - 0,,"3,360 / 3"
347,348,INA,Renna SUWARNO,0,0 - 0,,"3,270 / 3"
348,349,THA,Thamolwan POOPRADUBSIL,0,0 - 0,,"3,250 / 3"
349,350,AUT,Katrin NEUDOLT,0,0 - 0,,"3,230 / 7"
350,351,DOM,Bermary Altagracia POLANCO MUNOZ,0,0 - 0,,"3,210 / 3"
351,352,RUS,Anna ASTRAKHANTSEVA,1,0 - 0,,"3,140 / 3"
352,353,BRA,Thalita CORREA,1,0 - 0,,"3,130 / 3"
353,354,THA,Karnjanavadee BUNSOMBOON,1,0 - 0,,"3,120 / 4"
354,355,UZB,Anait KHURSHUDYAN,1,0 - 0,,"3,110 / 5"
355,356,PUR,Genesis VALENTIN,1,0 - 0,,"3,050 / 2"
356,357,INA,Devi Yunita INDAH SARI,1,0 - 0,,"3,040 / 2"
357,357,NZL,Gaea GALVEZ,1,0 - 0,,"3,040 / 2"
358,359,AUS,Claudia LAM,1,0 - 0,,"3,030 / 2"
359,359,CAN,Nadianie OUAQOUAQ-BERGERON,1,0 - 0,,"3,030 / 2"
360,361,TPE,SU Hsiang Ling,1,0 - 0,,"3,030 / 1"
361,361,AUS,Louisa MA,1,0 - 0,,"3,030 / 1"
362,361,KOR,KIM Moon Hi,1,0 - 0,,"3,030 / 1"
363,364,RUS,Ksenia EVGENOVA,1,0 - 0,,"2,990 / 3"
364,365,AUT,Sonja LANGTHALER,2,0 - 0,,"2,960 / 10"
365,366,KOR,Min Ji LEE,2,0 - 0,,"2,960 / 2"
366,367,ENG,Ira BANERJEE,2,0 - 0,,"2,890 / 4"
367,368,JPN,Akane WATANABE,2,0 - 0,,"2,890 / 2"
368,368,CHN,ZHANG Yiman,2,0 - 0,,"2,890 / 2"
369,370,TUR,Aliye DEMIRBAG,2,0 - 0,,"2,850 / 5"
370,371,HUN,Orsolya VARGA,2,0 - 0,,"2,840 / 8"
371,372,PUR,Saribel CACERES,2,0 - 0,,"2,840 / 3"
372,372,BOT,Leungo Bronia TSHWENEETSILE,2,0 - 0,,"2,840 / 3"
373,372,BRA,Luana VICENTE,2,0 - 0,,"2,840 / 3"
374,372,IRI,Sara DELAVARI,2,0 - 0,,"2,840 / 3"
375,372,BOT,Botho MAKUBATE,2,0 - 0,,"2,840 / 3"
376,377,UKR,GUSHCHA Viktoriya,2,0 - 0,,"2,800 / 1"
377,378,USA,Disha GUPTA,2,0 - 0,,"2,760 / 3"
378,378,GUA,Maria Regina DEL VALLE LEYSBETH,2,0 - 0,,"2,760 / 3"
379,378,BRA,Thayse CRUZ,2,0 - 0,,"2,760 / 3"
380,381,RUS,Anastasia RONZHINA,2,0 - 0,,"2,740 / 4"
381,382,DEN,Amalie Hertz HANSEN,2,0 - 0,,"2,740 / 3"
382,383,DOM,Nairoby Abigail JIMENEZ,2,0 - 0,,"2,740 / 2"
383,384,INA,Berliyan SUDRAJAT,2,0 - 0,,"2,720 / 1"
384,384,INA,Ningrum TIKE ARIEDA,2,0 - 0,,"2,720 / 1"
385,386,VIE,Ha Trang LE,2,0 - 0,,"2,700 / 5"
386,387,EST,Helina RÃÃTEL,26,0 - 0,,"2,680 / 9"
387,388,SRI,Thilini Pramodika HENDAHEWA,1,0 - 0,,"2,680 / 3"
388,389,NGR,Fatima AZEEZ,1,0 - 0,,"2,670 / 2"
389,389,TRI,Solangel GUZMAN,1,0 - 0,,"2,670 / 2"
390,391,THA,Laksika KANLAHA,1,0 - 0,,"2,660 / 3"
391,392,ENG,Tanapat PISITPONG,1,0 - 0,,"2,660 / 2"
392,393,INA,Mitzi Abigail PURNAMA,1,0 - 0,,"2,590 / 2"
393,394,ISR,Yana MOLODEZKI,1,0 - 0,,"2,580 / 3"
394,395,JPN,Haruko SUZUKI,1,0 - 0,,"2,580 / 2"
395,396,IRL,Sara BOYLE,1,0 - 0,,"2,571 / 10"
396,397,RUS,Victoria DERGUNOVA,1,0 - 0,,"2,570 / 3"
397,398,HUN,Monika SZOKE,1,0 - 0,,"2,560 / 4"
398,399,ITA,Ramona Gloria PIRVANESCU,1,0 - 0,,"2,508 / 6"
399,400,VIE,Thi Mai Anh NGUYEN,1,0 - 0,,"2,480 / 4"
400,401,UKR,Anna MIKHALKOVA,1,0 - 0,,"2,450 / 4"
401,402,EST,Kati-Kreet MARRAN,33,0 - 0,,"2,440 / 8"
402,403,INA,Aurum Oktavia WINATA,0,0 - 0,,"2,440 / 2"
403,403,NGR,Ufuoma OMENE,0,0 - 0,,"2,440 / 2"
404,403,NGR,Ruth AIYENUGBA,0,0 - 0,,"2,440 / 2"
405,403,NGR,Zainab MOMOH,0,0 - 0,,"2,440 / 2"
406,403,RUS,Elizaveta TARASOVA,0,0 - 0,,"2,440 / 2"
407,408,TUR,Busra UNLU,0,0 - 0,,"2,390 / 6"
408,409,UGA,Daisy NAKALYANGO,0,0 - 0,,"2,390 / 3"
409,409,CHI,Tingting CHOU,0,0 - 0,,"2,390 / 3"
410,411,ISL,Sara HOGNADOTTIR,0,0 - 0,,"2,369 / 5"
411,412,CZE,Alzbeta BASOVA,0,0 - 0,,"2,360 / 8"
412,413,BOT,Reitumetse MODISENYANE,1,0 - 0,,"2,290 / 2"
413,413,JAM,Katherine WYNTER,1,0 - 0,,"2,290 / 2"
414,413,AUS,Verdet KESSLER,-193,0 - 0,,"2,290 / 2"
415,413,CUB,Tahimara OROPEZA,1,0 - 0,,"2,290 / 2"
416,413,NGR,Ketu ILOFUAN,1,0 - 0,,"2,290 / 2"
417,418,GER,Alina HAMMES,0,0 - 0,,"2,250 / 4"
418,419,FRA,Yaelle HOYAUX,0,0 - 0,,"2,230 / 6"
419,420,INA,Jesica MULJATI,0,0 - 0,,"2,230 / 4"
420,421,INA,Rifa Putri AIDA,0,0 - 0,,"2,220 / 2"
421,421,NZL,Soomi Lina LEE,0,0 - 0,,"2,220 / 2"
422,423,HUN,Agnes KOROSI,0,0 - 0,,"2,200 / 6"
423,424,ENG,Helena LEWCZYNSKA,0,0 - 0,,"2,200 / 3"
424,425,THA,Sunitha PATIMON,0,0 - 0,,"2,190 / 4"
425,425,GER,Luise HEIM,0,0 - 0,,"2,190 / 4"
426,427,NZL,Justine VILLEGAS,0,0 - 0,,"2,190 / 3"
427,428,IRL,Rachael DARRAGH,0,0 - 0,,"2,180 / 9"
428,429,DEN,Camilla MARTENS,0,0 - 0,,"2,180 / 5"
429,430,INA,Desandha Vegarani PUTRI,0,0 - 0,,"2,130 / 3"
430,431,IND,Seema PANCHAL,0,0 - 0,,"2,120 / 3"
431,432,CAN,Bethany SO,0,0 - 0,,"2,110 / 1"
432,432,JAM,HENRY GEORDINE,0,0 - 0,,"2,110 / 1"
433,434,IND,Yamini SHARMA,0,0 - 0,,"2,100 / 2"
434,435,INA,Linda Mutiara PERTIWI,1,0 - 0,,"2,090 / 3"
435,436,NGR,Serimam BAJO,1,0 - 0,,"2,070 / 2"
436,437,EST,Sale - Liis TEESALU,35,0 - 0,,"2,040 / 8"
437,438,MEX,Chinas AILEEN,0,0 - 0,,"2,020 / 3"
438,439,NZL,Sally FU,0,0 - 0,,"2,020 / 2"
439,440,VIE,Nguyen THUY LINH,0,0 - 0,,"1,990 / 2"
440,441,ENG,Tsui-Yee LAU,0,0 - 0,,"1,950 / 2"
441,441,KOR,Joo I JUN,0,0 - 0,,"1,950 / 2"
442,443,CUB,Adriana ARTIZ ATAURY,0,0 - 0,,"1,920 / 2"
443,444,SWE,Lovisa JOHANSSON,0,0 - 0,,"1,880 / 6"
444,445,VIE,Thi Sen NGUYEN,0,0 - 0,,"1,880 / 4"
445,446,NEP,Nangsal TAMANG,0,0 - 0,,"1,840 / 2"
446,446,RUS,Alina DAVLETOVA,0,0 - 0,,"1,840 / 2"
447,446,BRN,Sapna PRABHU,0,0 - 0,,"1,840 / 2"
448,446,NGR,Amin Yop CHRISTOPHER,0,0 - 0,,"1,840 / 2"
449,446,TPE,I-Ting LAI,0,0 - 0,,"1,840 / 2"
450,446,UGA,Najjuka GLORIA,0,0 - 0,,"1,840 / 2"
451,446,BRN,Sandra SAKARIA,0,0 - 0,,"1,840 / 2"
452,446,BOT,Bonolo AMOS,0,0 - 0,,"1,840 / 2"
453,446,NEP,Sara Devi TAMANG,0,0 - 0,,"1,840 / 2"
454,446,BUL,Dimitria POPSTOIKOVA,0,0 - 0,,"1,840 / 2"
455,456,DEN,Claudia PAREDES,0,0 - 0,,"1,830 / 3"
456,456,THA,Nattcha CHATPUTTARN,0,0 - 0,,"1,830 / 3"
457,456,ROU,Andra OLARIU,0,0 - 0,,"1,830 / 3"
458,456,THA,Tassamon SANGKAWATANA,0,0 - 0,,"1,830 / 3"
459,460,SLO,Ana Marija SETINA,0,0 - 0,,"1,820 / 5"
460,461,GRE,Irini TENTA,0,0 - 0,,"1,810 / 5"
461,462,FRA,Verlaine FAULMANN,0,0 - 0,,"1,810 / 4"
462,462,RUS,Olga LIPKINA,0,0 - 0,,"1,810 / 4"
463,464,HKG,CHAN Hung Yung,0,0 - 0,,"1,800 / 2"
464,465,TPE,Yu Chen CHANG,0,0 - 0,,"1,790 / 3"
465,466,AUT,Alexandra MATHIS,0,0 - 0,,"1,770 / 2"
466,467,MEX,Nicole MARQUEZ,0,0 - 0,,"1,750 / 1"
467,467,ETH,BERHANU Samrawit,0,0 - 0,,"1,750 / 1"
468,467,UZB,Surayyo AHMADJONOVA,0,0 - 0,,"1,750 / 1"
469,470,UZB,Valeriya MUSHTAKOVA,0,0 - 0,,"1,740 / 4"
470,471,PER,Daniela ZAPATA,0,0 - 0,,"1,730 / 2"
471,472,NZL,Catelyn ROZARIO,1,0 - 0,,"1,670 / 1"
472,472,NZL,Tamara OTENE,1,0 - 0,,"1,670 / 1"
473,472,INA,Debora Rumete VEHRENICA,1,0 - 0,,"1,670 / 1"
474,472,INA,Mega Cahya Purnama LESTARI,1,0 - 0,,"1,670 / 1"
475,476,ZAM,Elizaberth CHIPELEME,1,0 - 0,,"1,650 / 3"
476,476,ZAM,Jenipher PHIRI,1,0 - 0,,"1,650 / 3"
477,476,UGA,Aisha NAKIYEMBA,1,0 - 0,,"1,650 / 3"
478,479,NZL,Maysell DOWNEY,1,0 - 0,,"1,640 / 2"
479,480,RUS,Vitaliya CHIGINTSEVA,1,0 - 0,,"1,630 / 3"
480,481,GER,Hannah POHL,1,0 - 0,,"1,620 / 5"
481,482,CAN,Joycelyn KO,1,0 - 0,,"1,610 / 2"
482,483,THA,Wisara MAKASASITORN,1,0 - 0,,"1,600 / 3"
483,484,RUS,Daria SEREBRIAKOVA,7,0 - 0,,"1,590 / 5"
484,485,SWE,Berfin ASLAN,0,0 - 0,,"1,580 / 6"
485,486,DEN,Trine VILLADSEN,0,0 - 0,,"1,580 / 2"
486,487,RUS,Ekaterina KUT,95,0 - 0,,"1,560 / 7"
487,487,BLR,Anastasiya CHERNIAVSKAYA,95,0 - 0,,"1,560 / 7"
488,489,LAT,Jekaterina ROMANOVA,95,0 - 0,,"1,560 / 6"
489,490,SIN,Chun Yi Deline QUEK,-3,0 - 0,,"1,560 / 4"
490,491,RUS,Anastasia KHARLAMPOVICH,-3,0 - 0,,"1,550 / 4"
491,492,SLO,Lia SALEHAR,-3,0 - 0,,"1,540 / 3"
492,493,IND,VADDEPALLY Pramada,-3,0 - 0,,"1,540 / 2"
493,494,SCO,Holly NEWALL,-2,0 - 0,,"1,530 / 3"
494,494,SIN,Jia Min YEO,-2,0 - 0,,"1,530 / 3"
495,496,DEN,Julie Rechnagel CHRISTENSEN,-2,0 - 0,,"1,520 / 4"
496,497,CAN,Camille LEBLANC,-2,0 - 0,,"1,520 / 1"
497,497,CHN,LU Jingchen,-2,0 - 0,,"1,520 / 1"
498,497,UKR,PROGREBNYAK Viktoriya,-2,0 - 0,,"1,520 / 1"
499,497,CZE,Dana GRINENKO,-2,0 - 0,,"1,520 / 1"
500,497,UKR,NADTOCHIY Olga,-2,0 - 0,,"1,520 / 1"
501,497,NGR,Chineye IBERE,-2,0 - 0,,"1,520 / 1"
502,497,SRI,Madushika Dilrukshi BERUWELAGE,-2,0 - 0,,"1,520 / 1"
503,497,JPN,Wakana NAGAHARA,-2,0 - 0,,"1,520 / 1"
504,497,JPN,Shiori EBIHARA,-2,0 - 0,,"1,520 / 1"
505,497,CHN,XU Wei,-2,0 - 0,,"1,520 / 1"
506,497,BAN,Bristy KHATUN,-2,0 - 0,,"1,520 / 1"
507,497,UKR,Yelyzaveta KRYACHKO,-2,0 - 0,,"1,520 / 1"
508,497,BRA,Samia LIMA,-2,0 - 0,,"1,520 / 1"
509,497,BAN,Alina SULTANA,-2,0 - 0,,"1,520 / 1"
510,497,GHA,Evelyn BOTWE,-2,0 - 0,,"1,520 / 1"
511,497,GHA,Stella Koteikai AMASAH,-2,0 - 0,,"1,520 / 1"
512,497,IRI,Yosra BEIGI,-2,0 - 0,,"1,520 / 1"
513,497,RUS,Julia ZAPOLSKAYA,-2,0 - 0,,"1,520 / 1"
514,497,INA,Sylvina KURNIAWAN,-2,0 - 0,,"1,520 / 1"
515,497,FRA,Teshana VIGNES WARAN,-2,0 - 0,,"1,520 / 1"
516,497,IND,Aparna BALAN,-2,0 - 0,,"1,520 / 1"
517,518,ENG,Jessica HOPTON,-2,0 - 0,,"1,510 / 3"
518,519,KAZ,Ilyana FILIPCHUK,-2,0 - 0,,"1,470 / 3"
519,520,CHI,Niria BAEZA,-2,0 - 0,,"1,470 / 2"
520,520,NGR,Ngukuran AGIR,-2,0 - 0,,"1,470 / 2"
521,520,NGR,Zainab AKINYEMI,-2,0 - 0,,"1,470 / 2"
522,520,NGR,Patricia AKPUSUGH,-2,0 - 0,,"1,470 / 2"
523,520,NGR,Olabisi IBIYEYE,-2,0 - 0,,"1,470 / 2"
524,520,NGR,Beauty EDE,-2,0 - 0,,"1,470 / 2"
525,520,NGR,Oluwatosin SOLADEMI,-2,0 - 0,,"1,470 / 2"
526,520,ARM,Lilit POGHOSYAN,-2,0 - 0,,"1,470 / 2"
527,520,ZAM,Mary CHILAMBE,-2,0 - 0,,"1,470 / 2"
528,520,TPE,Ya-En CHIANG,-2,0 - 0,,"1,470 / 2"
529,520,PUR,Jaylene FORESTIER,-2,0 - 0,,"1,470 / 2"
530,520,TRI,Kamasha ROBERTSON,-2,0 - 0,,"1,470 / 2"
531,520,TUR,KÃ¼bra KARATAS,-2,0 - 0,,"1,470 / 2"
532,520,KEN,Lavina MARTINS,-2,0 - 0,,"1,470 / 2"
533,520,UGA,Mable NAMAKOYE,-2,0 - 0,,"1,470 / 2"
534,520,NGR,Braimoh MARIA,-2,0 - 0,,"1,470 / 2"
535,536,NOR,Cathrine FOSSMO,-2,0 - 0,,"1,454 / 2"
536,537,SCO,Julie MACPHERSON,-2,0 - 0,,"1,440 / 4"
537,538,INA,Maziyyah NADHIR,-2,0 - 0,,"1,440 / 2"
538,539,UKR,Hrystyna DZHANGOBEKOVA,-2,0 - 0,,"1,420 / 1"
539,540,MAC,Kit Ieng WONG,-2,0 - 0,,"1,410 / 3"
540,541,FRA,Manon KRIEGER,-2,0 - 0,,"1,380 / 4"
541,542,SWE,Frida LINDSTROM,-2,0 - 0,,"1,370 / 5"
542,543,DEN,Alexandra BOJE,-2,0 - 0,,"1,370 / 1"
543,543,MEX,Cassandra RIVERO,-2,0 - 0,,"1,370 / 1"
544,543,CUB,Melissa AZCUY PEREZ,-2,0 - 0,,"1,370 / 1"
545,543,INA,Hemi YUANDA,-2,0 - 0,,"1,370 / 1"
546,543,MEX,Dafne HERNANDEZ,-2,0 - 0,,"1,370 / 1"
547,543,DOM,Anny Elizabeth SANCHEZ MATOS,-2,0 - 0,,"1,370 / 1"
548,543,JAM,Ruth WILLIAMS,-2,0 - 0,,"1,370 / 1"
549,543,SIN,Jia Ying Crystal WONG,-2,0 - 0,,"1,370 / 1"
550,543,ETH,DANIEL Mahlet,-2,0 - 0,,"1,370 / 1"
551,543,ETH,GETACHEW Firehiwot,-2,0 - 0,,"1,370 / 1"
552,543,CUB,Ana Gloria PEREZ ECHEVARRIA,-2,0 - 0,,"1,370 / 1"
553,543,DOM,Yuliana FAÃA,-2,0 - 0,,"1,370 / 1"
554,543,UZB,Mariya PAKINA,-2,0 - 0,,"1,370 / 1"
555,543,JOR,Mazahreh LEINA FEHMI,-2,0 - 0,,"1,370 / 1"
556,543,SUR,Priscila TJITRODIPO,-2,0 - 0,,"1,370 / 1"
557,558,IND,Daksha GAUTAM,-2,0 - 0,,"1,350 / 2"
558,559,ENG,Helena DEKKER,48,0 - 0,,"1,340 / 3"
559,560,NZL,Maria MASINIPENI,-3,0 - 0,,"1,320 / 3"
560,561,INA,Rosy Oktavia PANCASARI,-3,0 - 0,,"1,300 / 3"
561,562,COK,Ngaoa RANGINUI,-3,0 - 0,,"1,290 / 1"
562,562,NZL,Tegan WESTON,-3,0 - 0,,"1,290 / 1"
563,562,NZL,Courtney TRILLO,-3,0 - 0,,"1,290 / 1"
564,562,COK,Kate SCOTT,-3,0 - 0,,"1,290 / 1"
565,562,USA,Sydney LEE,-3,0 - 0,,"1,290 / 1"
566,562,RUS,Valeriia MAKKOVEEVA,-3,0 - 0,,"1,290 / 1"
567,562,RUS,Daria RADCHENKO,-3,0 - 0,,"1,290 / 1"
568,562,RUS,Olesia KISTER,-3,0 - 0,,"1,290 / 1"
569,562,CAN,Wendy ZHANG,-3,0 - 0,,"1,290 / 1"
570,562,CAN,Qingzi OUYANG,-3,0 - 0,,"1,290 / 1"
571,562,USA,Ariel LEE,-3,0 - 0,,"1,290 / 1"
572,562,CAN,Anne-Julie BEAULIEU,-3,0 - 0,,"1,290 / 1"
573,562,RUS,Kristina AVERKINA,-3,0 - 0,,"1,290 / 1"
574,562,KOR,PARK So Young,-3,0 - 0,,"1,290 / 1"
575,562,USA,PHONGASAVITHAS Anoma,-3,0 - 0,,"1,290 / 1"
576,562,KOR,YANG Ran Sun,-3,0 - 0,,"1,290 / 1"
577,562,USA,Vimla PHONGASAVITHAS,-3,0 - 0,,"1,290 / 1"
578,562,USA,Shannon POHL,-3,0 - 0,,"1,290 / 1"
579,580,THA,Chananchida JUCHAROEN,-3,0 - 0,,"1,280 / 2"
580,580,PER,Ines CASTILLO,-3,0 - 0,,"1,280 / 2"
581,582,LTU,Gerda VOITECHOVSKAJA,5,0 - 0,,"1,250 / 4"
582,583,SLO,Katarina BETON,-4,0 - 0,,"1,240 / 4"
583,584,IND,Ritu VINAYAK,-4,0 - 0,,"1,240 / 2"
584,584,NZL,Christine ZHANG,-4,0 - 0,,"1,240 / 2"
585,586,ITA,Megumi SONODA,-1,0 - 0,,"1,200 / 3"
586,587,NZL,Michelle CHAN KY,-1,0 - 0,,"1,200 / 1"
587,588,NZL,Deborah YIN,0,0 - 0,,"1,170 / 1"
588,589,IRI,Sahabeh FARD,0,0 - 0,,"1,130 / 2"
589,590,THA,Ornnicha JONGSATHAPORNPARN,0,0 - 0,,"1,120 / 3"
590,590,CZE,Veronika KOLDOVA,138,0 - 0,,"1,120 / 3"
591,590,THA,Ruethaichanok LAISUAN,0,0 - 0,,"1,120 / 3"
592,593,IND,Pooja ANTIL,-1,0 - 0,,"1,110 / 3"
593,594,ISL,MargrÃ©t JOHANNSDOTTIR,-1,0 - 0,,"1,102 / 5"
594,595,ZAM,Lucrecia CHISENGA,-1,0 - 0,,"1,100 / 2"
595,595,TUR,NazlÄ±can INCI,-1,0 - 0,,"1,100 / 2"
596,595,DEN,Mathilde BJERGEN,-1,0 - 0,,"1,100 / 2"
597,595,KEN,Susan WANGARI,-1,0 - 0,,"1,100 / 2"
598,595,BOT,Kgalalelo KEGAKILWE,-1,0 - 0,,"1,100 / 2"
599,595,MAS,Ying Ying LEE,-1,0 - 0,,"1,100 / 2"
600,595,KEN,Mercy JOSEPH,-1,0 - 0,,"1,100 / 2"
601,595,SLO,Maja TVRDY,-1,0 - 0,,"1,100 / 2"
602,603,JPN,Yukino NAKAI,-1,0 - 0,,"1,050 / 2"
603,604,SUI,Michelle SCHAER,-1,0 - 0,,"1,030 / 3"
604,605,TUR,Busra YALÃINKAYA,-1,0 - 0,,"1,020 / 2"
605,605,AZE,Huseynova ZULFIYYA,-1,0 - 0,,"1,020 / 2"
606,607,TUR,Emine DEMIRTAS,-1,0 - 0,,"1,000 / 3"
607,608,THA,Chasinee KOREPAP,0,0 - 0,,920 / 1
608,608,THA,Nuntakarn AIMSAARD,0,0 - 0,,920 / 1
609,608,THA,Manassanan LERTHATTASIN,0,0 - 0,,920 / 1
610,608,PER,Stefany Ying Chie CHEN CHEN,0,0 - 0,,920 / 1
611,608,PER,Valeria Carolina WONG LAM,0,0 - 0,,920 / 1
612,608,JAM,Esther Christina REYNOLDS,0,0 - 0,,920 / 1
613,608,JAM,Carla Marie Edward GRANT-HAMILTON,0,0 - 0,,920 / 1
614,608,BRA,Talita CASONATTO,0,0 - 0,,920 / 1
615,608,BRA,Isamara AGUIAR,0,0 - 0,,920 / 1
616,608,IRI,SHABIHI Yasamin,0,0 - 0,,920 / 1
617,608,IRI,HAMEDANCHI AZAD Hale,0,0 - 0,,920 / 1
618,608,BOT,Laone MOSEKIEMANG,0,0 - 0,,920 / 1
619,608,DOM,Luz Clarita VALDEZ OGANDO,0,0 - 0,,920 / 1
620,608,NEP,Amita GIRI,0,0 - 0,,920 / 1
621,608,NEP,Meena SHRESTHA,0,0 - 0,,920 / 1
622,608,ZAM,Penelope MUDENDA,0,0 - 0,,920 / 1
623,608,ENG,Til'Shiloh SHAW,0,0 - 0,,920 / 1
624,608,ENG,Miu Lin NGAN,0,0 - 0,,920 / 1
625,608,SUI,Ronja STERN,0,0 - 0,,920 / 1
626,608,SUR,Shemara LINDVELD,0,0 - 0,,920 / 1
627,608,PAK,Ghazala SADDIQUE,0,0 - 0,,920 / 1
628,608,NGR,Felicia OMOTOLA,0,0 - 0,,920 / 1
629,608,NGR,Asisat OGUNKANBI,0,0 - 0,,920 / 1
630,608,ISR,Yuval PUGACH,0,0 - 0,,920 / 1
631,608,CAN,Cynthia CHEN,0,0 - 0,,920 / 1
632,608,THA,Pattarasuda CHAIWAN,0,0 - 0,,920 / 1
633,608,AUS,Weijin MIN,0,0 - 0,,920 / 1
634,608,AUS,Ysabel SAY,0,0 - 0,,920 / 1
635,608,AUS,Sirina FAN,0,0 - 0,,920 / 1
636,608,CHN,CAO Tong Wei,0,0 - 0,,920 / 1
637,608,COL,Bibiana PESTANA,0,0 - 0,,920 / 1
638,608,COL,Laura Valentina LONDONO,0,0 - 0,,920 / 1
639,608,COL,Tatiana CAICEDO MUNOZ,0,0 - 0,,920 / 1
640,608,COL,Angela ORDOÃEZ,0,0 - 0,,920 / 1
641,608,COL,Magly VILLAMIZAR ORDONEZ,0,0 - 0,,920 / 1
642,608,UKR,Anastasia PETRENKO,0,0 - 0,,920 / 1
643,608,UKR,Anastasiya PROZOROVA,0,0 - 0,,920 / 1
644,608,UKR,Kateryna ARKHIPOVA,0,0 - 0,,920 / 1
645,608,UKR,Nataliia GOLOVKINA,0,0 - 0,,920 / 1
646,608,GUA,Maria de Los Angeles MENDOZA BARRIOS,0,0 - 0,,920 / 1
647,608,GUA,Ana Paula ABALLI ARRIOLA,0,0 - 0,,920 / 1
648,608,RUS,Yana IGNATYEVA,0,0 - 0,,920 / 1
649,608,RUS,Sabina ALIEVA,0,0 - 0,,920 / 1
650,608,BRN,Hazel TRINIDAD,0,0 - 0,,920 / 1
651,608,NGR,Odunayo ADEKUNLE,0,0 - 0,,920 / 1
652,608,NGR,Oby OMONEHIN-NKEREMYZOR,0,0 - 0,,920 / 1
653,608,AUS,Joniva ALMAZAN,0,0 - 0,,920 / 1
654,608,JPN,Natsuki OIE,0,0 - 0,,920 / 1
655,608,AUS,Lee Yen KHOO,0,0 - 0,,920 / 1
656,608,IRI,Zahra KAHRIZI,0,0 - 0,,920 / 1
657,608,BAN,MST Rehana PARVIN,0,0 - 0,,920 / 1
658,608,MEX,Monserrat SOTO,0,0 - 0,,920 / 1
659,608,JOR,Domou AMRO,0,0 - 0,,920 / 1
660,608,ISR,Margeret LURIE,0,0 - 0,,920 / 1
661,608,ISR,Dana DANILENKO,0,0 - 0,,920 / 1
662,608,NGR,Funke ADEGBITE,0,0 - 0,,920 / 1
663,608,GHA,Diana ARCHER,0,0 - 0,,920 / 1
664,608,NGR,Uchechukwu Deborah UKEH,0,0 - 0,,920 / 1
665,608,MAS,Bhirentha A. KARUPATHEVAN,0,0 - 0,,920 / 1
666,608,CAN,Danica LAU,0,0 - 0,,920 / 1
667,608,THA,Phasita WATHANAYOMNAPORN,0,0 - 0,,920 / 1
668,608,MAS,Tong Xin LEE,0,0 - 0,,920 / 1
669,608,AUS,Michelle TAM,0,0 - 0,,920 / 1
670,608,VIE,Thi Phuong Mai DO,0,0 - 0,,920 / 1
671,608,TPE,Hsin Ping CHANG,0,0 - 0,,920 / 1
672,608,IRI,Fatemeh SARVGHADI,0,0 - 0,,920 / 1
673,608,IRI,Sara KEYVAN,0,0 - 0,,920 / 1
674,608,ENG,Paige BUTLER,0,0 - 0,,920 / 1
675,608,SUR,Santusha RAMZAN,0,0 - 0,,920 / 1
676,608,BRN,Rehana SUNDER,0,0 - 0,,920 / 1
677,608,USA,REDDY Deepti,0,0 - 0,,920 / 1
678,608,SUI,Simone VON ROTZ,0,0 - 0,,920 / 1
679,608,ETH,AFEWORK Rakeb,0,0 - 0,,920 / 1
680,608,ETH,BELETE Melat,0,0 - 0,,920 / 1
681,608,ETH,TADESSE Samrawit,0,0 - 0,,920 / 1
682,608,ETH,LEYIKUN Radiate,0,0 - 0,,920 / 1
683,608,ETH,KIDANEMARIAM Eyerusalem,0,0 - 0,,920 / 1
684,608,UKR,Viktoriya SHALAEVA,0,0 - 0,,920 / 1
685,608,UKR,Anastasiya BURYAN,0,0 - 0,,920 / 1
686,608,GUA,Alejandra SAMAYOA ARREAGA,0,0 - 0,,920 / 1
687,608,RUS,Maria DMITRIEVA,0,0 - 0,,920 / 1
688,608,MRI,Sheem SANDOOYEEA,0,0 - 0,,920 / 1
689,608,SUR,Sherifa JAMESON,0,0 - 0,,920 / 1
690,608,BOT,Tessa KABELO,0,0 - 0,,920 / 1
691,608,JAM,Mikaylia HALDANE,0,0 - 0,,920 / 1
692,608,ETH,Yerusksew Legssey TURA,0,0 - 0,,920 / 1
693,608,BAR,Tamisha WILLIAMS,0,0 - 0,,920 / 1
694,608,MRI,Shaama SANDOOYEA,0,0 - 0,,920 / 1
695,608,NZL,Felicity LEYDON-DAVIS,0,0 - 0,,920 / 1
696,608,POL,Edyta TARASEWICZ,0,0 - 0,,920 / 1
697,608,UGA,Brenda NABUSINDO,0,0 - 0,,920 / 1
698,608,IRI,Feizmanesh ELNAZ,0,0 - 0,,920 / 1
699,608,IRI,Safora ZAMANLO,0,0 - 0,,920 / 1
700,608,IND,Jacqueline Rose KUNNATH,0,0 - 0,,920 / 1
701,608,COL,Natalia ROMERO,0,0 - 0,,920 / 1
702,608,AUS,Vinning MAK,0,0 - 0,,920 / 1
703,608,TPE,TAI Ching Chieh,0,0 - 0,,920 / 1
704,608,UKR,Anastasiya DMYTRYSHYN,0,0 - 0,,920 / 1
705,608,COL,Maria VARGAS,0,0 - 0,,920 / 1
706,608,SUR,Rugshaar ISHAAK,0,0 - 0,,920 / 1
707,608,UGA,Brenda AWOR,0,0 - 0,,920 / 1
708,608,BAN,Aktar SHAPLA,0,0 - 0,,920 / 1
709,608,AZE,Alizada PARVIN,0,0 - 0,,920 / 1
710,608,SRI,Thilini JAYASINGHE,0,0 - 0,,920 / 1
711,608,SUR,Danielle MELCHIOT,0,0 - 0,,920 / 1
712,608,IND,Mohita SAHDEV,0,0 - 0,,920 / 1
713,608,IND,Dhanya NAIR,0,0 - 0,,920 / 1
714,608,UKR,Elena PRUS,0,0 - 0,,920 / 1
715,716,NGR,Oluwaseun ADETILOYE,0,0 - 0,,910 / 2
716,716,THA,Banthita KHAMSAITONG,0,0 - 0,,910 / 2
717,716,PER,Paula LA TORRE REGAL,0,0 - 0,,910 / 2
718,716,PER,Chiara CARRANZA,0,0 - 0,,910 / 2
719,720,JPN,Eriko TAMAKI,0,0 - 0,,880 / 1
720,720,SYR,Sanaa MAHMOUD,0,0 - 0,,880 / 1
721,722,SIN,Ren-ne ONG,0,0 - 0,,860 / 3
722,723,LTU,Vytaute FOMKINAITE,5,0 - 0,,830 / 3
723,724,SWE,Amanda ANDERN,-1,0 - 0,,790 / 4
724,725,VIE,Nguyen Thi NGOC THUY,-1,0 - 0,,790 / 2
725,725,VIE,TON Nu Khai Thu,-1,0 - 0,,790 / 2
726,727,ITA,Lisa IVERSEN,-1,0 - 0,,770 / 4
727,727,POL,GAJOS KAROLINA,-1,0 - 0,,770 / 4
728,729,RUS,Olga TROFIMOVA,-1,0 - 0,,770 / 2
729,730,NED,Stella LI,1,0 - 0,,760 / 2
730,730,BEL,Ann KNAEPEN,1,0 - 0,,760 / 2
731,730,INA,Ayu Gary Luma MAHARANI,1,0 - 0,,760 / 2
732,730,TUR,Bengisu ERCETIN,1,0 - 0,,760 / 2
733,734,IND,Smriti NAGARKOTI,1,0 - 0,,750 / 2
734,734,IND,Teenu DAHIYA,1,0 - 0,,750 / 2
735,734,IND,Nisha KARAMCHAND,1,0 - 0,,750 / 2
736,737,INA,Ghaida Nurul GHANIYU,1,0 - 0,,740 / 3
737,738,RUS,Maria SHEGUROVA,1,0 - 0,,720 / 2
738,738,TPE,Wen Chi HSU,1,0 - 0,,720 / 2
739,740,NOR,Elisa WIBORG,4,0 - 0,,710 / 3
740,741,CZE,Monika SVETNICKOVA,194,0 - 0,,700 / 2
741,741,LTU,Gabriele JANUSONYTE,0,0 - 0,,700 / 2
742,743,JPN,Aoi MATSUDA,-1,0 - 0,,660 / 1
743,743,IND,Rachita SAHDEV,-1,0 - 0,,660 / 1
744,745,INA,Florencya VIONI,-1,0 - 0,,650 / 2
745,745,GRE,Eleni MELIKIDOU,-1,0 - 0,,650 / 2
746,745,GRE,Ioanna KARAPETRIDOU,-1,0 - 0,,650 / 2
747,745,NOR,Linn Lilian STENRUD,-1,0 - 0,,650 / 2
748,749,FRA,Olivia MEUNIER,0,0 - 0,,620 / 2
749,750,THA,Sararat CHUEBOCA,0,0 - 0,,610 / 3
750,751,FIN,Noora AHOLA,0,0 - 0,,600 / 4
751,752,FRA,Katia NORMAND,0,0 - 0,,600 / 1
752,752,NOR,Anne KLYVE,0,0 - 0,,600 / 1
753,754,PHI,Sarah Joy BARREDO,-1,0 - 0,,597 / 3
754,755,INA,Rhidatia Eka PUTRI,-1,0 - 0,,590 / 3
755,756,AUT,Nathalie ZIESIG,-1,0 - 0,,570 / 3
756,757,THA,Fareeda LOOG,-1,0 - 0,,570 / 2
757,757,THA,Natthakorn JAIAREREE,-1,0 - 0,,570 / 2
758,757,INA,Lya ERSALITA,-1,0 - 0,,570 / 2
759,760,FIN,Karoliina LATOLA,-1,0 - 0,,560 / 3
760,761,CZE,Magdalena LAJDOVA,207,0 - 0,,560 / 2
761,761,BLR,Krestina SILICH,-1,0 - 0,,560 / 2
762,763,RUS,Anastasia STOGOVA,-2,0 - 0,,550 / 3
763,764,TRI,Avril PLAZA MARCELLE,-2,0 - 0,,550 / 1
764,764,TRI,Kerian QUAN CHEE,-2,0 - 0,,550 / 1
765,764,TRI,Reba FLEARY,-2,0 - 0,,550 / 1
766,764,THA,Benyapa AIMSAARD,-2,0 - 0,,550 / 1
767,764,GRE,Aristea APOSTOLIDOU,-2,0 - 0,,550 / 1
768,764,GRE,Georgia ANASTASIOU,-2,0 - 0,,550 / 1
769,764,CHI,Loreto PONTIGO,-2,0 - 0,,550 / 1
770,764,CHI,HINOSTROZA Amparo,-2,0 - 0,,550 / 1
771,764,CHI,SKARIC Mickaela,-2,0 - 0,,550 / 1
772,764,DEN,Sofie Zacho VESTERGAARD,-2,0 - 0,,550 / 1
773,764,CUB,Laura Ines RODRIGUEZ PALACIO,-2,0 - 0,,550 / 1
774,764,CUB,Yuvisleydis RAMIREZ CHAPMAN,-2,0 - 0,,550 / 1
775,764,PER,Thaina BELLIDO GARCIA,-2,0 - 0,,550 / 1
776,764,ISL,Arna Karen JOHANNSDOTTIR,-2,0 - 0,,550 / 1
777,764,ISL,Jona Kristin HJARTARDOTTIR,-2,0 - 0,,550 / 1
778,764,BOT,Onkemetse PHOKONTSE,-2,0 - 0,,550 / 1
779,764,BOT,Gaone MPATI,-2,0 - 0,,550 / 1
780,764,BOT,Maranyane TUELO,-2,0 - 0,,550 / 1
781,764,BOT,Motheo MOKOTEDI,-2,0 - 0,,550 / 1
782,764,RSA,Johanita SCHOLTZ,-2,0 - 0,,550 / 1
783,764,RSA,Tshepiso Annha Queen DANIELS,-2,0 - 0,,550 / 1
784,764,RSA,Zani VAN DER MERWE,-2,0 - 0,,550 / 1
785,764,ZAM,Joy CHIKWANDA,-2,0 - 0,,550 / 1
786,764,MEX,Yaqueline DUARTE,-2,0 - 0,,550 / 1
787,764,MEX,Sharon Naomi DIAZ VEGA,-2,0 - 0,,550 / 1
788,764,MEX,Brenda MENDEZ,-2,0 - 0,,550 / 1
789,764,MEX,Karen OLAGUEZ,-2,0 - 0,,550 / 1
790,764,MEX,Adelina QUIÃONES,-2,0 - 0,,550 / 1
791,764,MEX,Yesenia DUARTE,-2,0 - 0,,550 / 1
792,764,NGR,Dorcas Oluwadamilola EGBEYEMI,-2,0 - 0,,550 / 1
793,764,NGR,Victory AMAIZE,-2,0 - 0,,550 / 1
794,764,NGR,Juliana JACOB,-2,0 - 0,,550 / 1
795,764,NGR,Mariam Yetunde OKE,-2,0 - 0,,550 / 1
796,764,NGR,Grace IJADARE,-2,0 - 0,,550 / 1
797,764,NGR,Christiana BRAIMAH,-2,0 - 0,,550 / 1
798,764,ETH,Fasika BISRAT,-2,0 - 0,,550 / 1
799,764,COL,Liceth Camila SANCHEZ LOZANO,-2,0 - 0,,550 / 1
800,764,COL,Maryi ORDONEZ CABRERA,-2,0 - 0,,550 / 1
801,764,COL,Valentina MONTENEGRO,-2,0 - 0,,550 / 1
802,764,COL,Isabel ISAZA,-2,0 - 0,,550 / 1
803,764,COL,Dana CASTELLANOS,-2,0 - 0,,550 / 1
804,764,COL,Juliana GIRALDO,-2,0 - 0,,550 / 1
805,764,CRC,Lauren VILLALOBOS,-2,0 - 0,,550 / 1
806,764,COL,Angy ORTIZ,-2,0 - 0,,550 / 1
807,764,COL,Cristina RAMIREZ,-2,0 - 0,,550 / 1
808,764,COL,Maria Julieth PEREZ TANGARIFE,-2,0 - 0,,550 / 1
809,764,PYF,Aurelie BOUTIN,-2,0 - 0,,550 / 1
810,764,CHI,Andrea MONTERO,-2,0 - 0,,550 / 1
811,764,KEN,Naliaka MALABA,-2,0 - 0,,550 / 1
812,764,KEN,Naylee NAGDA,-2,0 - 0,,550 / 1
813,764,KEN,Agnes Nyandiko ODINGA,-2,0 - 0,,550 / 1
814,764,KEN,Ndungu WANGARI,-2,0 - 0,,550 / 1
815,764,KEN,Rachael Wangari MUTURI,-2,0 - 0,,550 / 1
816,764,UGA,Phiona SEMBOGO,-2,0 - 0,,550 / 1
817,764,KEN,Wangui MUTURI,-2,0 - 0,,550 / 1
818,764,MRI,Shania LEUNG,-2,0 - 0,,550 / 1
819,764,MRI,Smiti RAMCHURN,-2,0 - 0,,550 / 1
820,764,MRI,Judith Virusha TEEROOVENGADUM,-2,0 - 0,,550 / 1
821,764,ARG,Ana MONTEFINALE,-2,0 - 0,,550 / 1
822,764,ARG,Camila NOLASCO,-2,0 - 0,,550 / 1
823,764,ARG,Natalia MONTIEL,-2,0 - 0,,550 / 1
824,764,GRE,Polyvia TZIKA,-2,0 - 0,,550 / 1
825,764,GRE,Vasiliki ANDREADOU,-2,0 - 0,,550 / 1
826,764,GRE,Evaggelia KORONIDOU,-2,0 - 0,,550 / 1
827,764,GRE,Zoi ALELI,-2,0 - 0,,550 / 1
828,764,PHI,Mariya Anghela SEVILLA,-2,0 - 0,,550 / 1
829,764,THA,Napatsorn INTARATCHAIKIJ,-2,0 - 0,,550 / 1
830,764,PYF,Moehau HIRA,-2,0 - 0,,550 / 1
831,764,ISL,Margret FINNBOGADOTTIR,-2,0 - 0,,550 / 1
832,764,ISL,Harpa HILMISDOTTIR,-2,0 - 0,,550 / 1
833,764,ISL,Alda Karen JONSDOTTIR,-2,0 - 0,,550 / 1
834,764,RSA,Karabelo Graticia ROBERTS,-2,0 - 0,,550 / 1
835,764,RSA,Lehandre SCHOEMAN,-2,0 - 0,,550 / 1
836,764,MEX,Andrea Janitzitzi GARCIA,-2,0 - 0,,550 / 1
837,764,MEX,Daniela CRUZ,-2,0 - 0,,550 / 1
838,764,SWE,Clara NISTAD,-2,0 - 0,,550 / 1
839,764,BRA,Jaqueline KEMPNER,-2,0 - 0,,550 / 1
840,764,TRI,Arielle GOMEZ,-2,0 - 0,,550 / 1
841,764,VEN,Damaris Mercedes ORTIZ PARADA,-2,0 - 0,,550 / 1
842,764,FRA,Diela PERIANAYAGOM,-2,0 - 0,,550 / 1
843,764,FRA,Marthe GUICHARD,-2,0 - 0,,550 / 1
844,764,KEN,Juma AKOTH,-2,0 - 0,,550 / 1
845,764,BRA,Ianca MENDES,-2,0 - 0,,550 / 1
846,764,BRA,Camila ALMEIDA LIMA,-2,0 - 0,,550 / 1
847,764,BRA,Bianca DE OLIVEIRA LIMA,-2,0 - 0,,550 / 1
848,764,PYF,Coralie BOUTTIN,-2,0 - 0,,550 / 1
849,764,NZL,Jasmin Chung Man NG,-2,0 - 0,,550 / 1
850,764,VEN,MARTÃNEZ RODRÃGUEZ Katherine Andreina,-2,0 - 0,,550 / 1
851,764,BOT,MALEPA Dintle,-2,0 - 0,,550 / 1
852,764,MAS,Thinaah M.,-2,0 - 0,,550 / 1
853,764,ISL,Sigridur ARNADOTTIR,-2,0 - 0,,550 / 1
854,764,BRA,Naira Beatriz VIER,-2,0 - 0,,550 / 1
855,764,DEN,Iben BERGSTEIN,-2,0 - 0,,550 / 1
856,764,VEN,MARTÃNEZ MACHUCA Michelle Zorileth,-2,0 - 0,,550 / 1
857,764,VEN,LOBO DELGADO Celena Jose,-2,0 - 0,,550 / 1
858,764,VEN,RIVAS MORENO Adriana,-2,0 - 0,,550 / 1
859,764,TRI,Leanna CASTANADA,-2,0 - 0,,550 / 1
860,764,MRI,Amjum RASSOOLKHAN,-2,0 - 0,,550 / 1
861,764,NED,Manon SIBBALD,-2,0 - 0,,550 / 1
862,764,VIE,NGUYEN THI THAO MAI,-2,0 - 0,,550 / 1
863,764,NGR,Augustina EBHOMIEN SUNDAY,-2,0 - 0,,550 / 1
864,764,UGA,Olivia NAKAJJA,-2,0 - 0,,550 / 1
865,764,BOT,Tebogo NDZINGE,-2,0 - 0,,550 / 1
866,764,KEN,Sheila WANJIRU,-2,0 - 0,,550 / 1
867,764,VIE,Ngoc Anh NGUYEN,-2,0 - 0,,550 / 1
868,764,CRO,Nikolina DIMIC,-2,0 - 0,,550 / 1
869,764,TUR,Ãzge OZER,-2,0 - 0,,550 / 1
870,764,CZE,Marcela RUZICKA,-2,0 - 0,,550 / 1
871,764,BRA,Miria SILVA,-2,0 - 0,,550 / 1
872,764,VEN,Leidy TOVAR,-2,0 - 0,,550 / 1
873,764,VIE,Thi My Tra LE,-2,0 - 0,,550 / 1
874,764,MRI,Aurelie Marie Elisa ALLET,-2,0 - 0,,550 / 1
875,764,UGA,Brenda MUGABI,-2,0 - 0,,550 / 1
876,764,COL,Laura SANCHEZ,-2,0 - 0,,550 / 1
877,764,ISL,Thorbjorg KRISTINSDOTTIR,-2,0 - 0,,550 / 1
878,764,COL,CRISTINA Garnica,-2,0 - 0,,550 / 1
879,764,UGA,Scovia NABASIRYE,-2,0 - 0,,550 / 1
880,764,MRI,Marlyse MARQUER,-2,0 - 0,,550 / 1
881,764,UGA,Regina NAJJEMBA,-2,0 - 0,,550 / 1
882,764,POR,Helena PESTANA,-2,0 - 0,,550 / 1
883,764,KEN,Sheila GAKII NJAGE,-2,0 - 0,,550 / 1
884,764,ZAM,Ngandwe MIYAMBO,-2,0 - 0,,550 / 1
885,764,RSA,Stacey DOUBELL,-2,0 - 0,,550 / 1
886,764,TRI,Nekeisha BLAKE,-2,0 - 0,,550 / 1
887,764,BUL,Gergana BARAMOVA,-2,0 - 0,,550 / 1
888,889,KAZ,Veronika SOROKINA,111,0 - 0,,543 / 2
889,890,RUS,Anastasia DOBRININA,-3,0 - 0,,520 / 2
890,891,GER,Lisa KAMINSKI,-3,0 - 0,,510 / 4
891,892,CAN,Zin Yee Cheryl CHUNG,-3,0 - 0,,510 / 1
892,892,KOR,KIM Soo Jin,-3,0 - 0,,510 / 1
893,894,INA,Ni Made Pranita SULISTYA DEVI,-3,0 - 0,,490 / 2
894,895,CZE,Sabina MILOVA,-3,0 - 0,,450 / 2
895,895,TPE,Yu-Ting HUANG,-3,0 - 0,,450 / 2
896,897,RUS,Simona KONONYKHINA,-3,0 - 0,,440 / 3
897,898,ENG,Nicola GRESTY,-3,0 - 0,,410 / 2
898,898,ENG,Devon MINNIS,-3,0 - 0,,410 / 2
899,898,LAT,Aija POPE,37,0 - 0,,410 / 2
900,901,FIN,Anna PAAVOLA,-4,0 - 0,,390 / 4
901,902,FRA,Juliane PIRON,-4,0 - 0,,380 / 2
902,903,BEL,Presence BEELEN,-4,0 - 0,,370 / 3
903,903,SLO,Iza SALEHAR,-4,0 - 0,,370 / 3
904,905,ESP,Lucia GALVIN,-4,0 - 0,,360 / 1
905,905,JPN,Shiho TANAKA,-4,0 - 0,,360 / 1
906,905,JPN,Hirari MIZUI,-4,0 - 0,,360 / 1
907,905,TKM,Yana SARKISYAN,-4,0 - 0,,360 / 1
908,905,ARM,Anahit MANUKYAN,-4,0 - 0,,360 / 1
909,905,IRI,Samin ABEDKHOJASTEH,-4,0 - 0,,360 / 1
910,905,ENG,Fee Teng LIEW,-4,0 - 0,,360 / 1
911,905,MAS,Bao Ying LOH,-4,0 - 0,,360 / 1
912,905,AUS,Himeli SENANAYAKE,-4,0 - 0,,360 / 1
913,905,AUS,Chloe LEE,-4,0 - 0,,360 / 1
914,905,RUS,Irina SHOROKHOVA,-4,0 - 0,,360 / 1
915,905,RUS,Kristina VIRVICH,-4,0 - 0,,360 / 1
916,905,NGR,Peace ORJI,-4,0 - 0,,360 / 1
917,905,GHA,Victoria ASMAH,-4,0 - 0,,360 / 1
918,905,NGR,Ibechile Gloria ACHAKPO,-4,0 - 0,,360 / 1
919,905,SRI,Buthmi Asini GALAGAMAGE,-4,0 - 0,,360 / 1
920,905,PER,Flavia STIGLICH GUZMAN,-4,0 - 0,,360 / 1
921,905,IRI,Yeganeh KERMANI,-4,0 - 0,,360 / 1
922,905,IRI,Kiana HASHEMI,-4,0 - 0,,360 / 1
923,905,ARM,Marieta NIKOYAN,-4,0 - 0,,360 / 1
924,905,IND,Meenu SINGH,-4,0 - 0,,360 / 1
925,905,RUS,Anastasia NESTEROVA,-4,0 - 0,,360 / 1
926,905,RUS,Anastasia REDKINA,-4,0 - 0,,360 / 1
927,905,INA,Narulia. R ERSA,-4,0 - 0,,360 / 1
928,905,AUS,Janet SON,-4,0 - 0,,360 / 1
929,905,IRI,Moloud ESMAEILI,-4,0 - 0,,360 / 1
930,905,SRI,Oshadie KURUPPU,-4,0 - 0,,360 / 1
931,905,KOR,So Yeon HAN,-4,0 - 0,,360 / 1
932,905,INA,Arinda Sari SINAGA,-4,0 - 0,,360 / 1
933,905,KOR,KIM Ye Ji,-4,0 - 0,,360 / 1
934,905,PAK,Sara MOHMAND,-4,0 - 0,,360 / 1
935,905,ESP,Manuela DIAZ,-4,0 - 0,,360 / 1
936,905,SUI,Monika FISCHER,-4,0 - 0,,360 / 1
937,938,ESP,Laura SAMANIEGO,-4,0 - 0,,350 / 4
938,939,CZE,Tereza SVABIKOVA,0,0 - 0,,350 / 1
939,939,NZL,Celine SHAO,-4,0 - 0,,350 / 1
940,939,DEN,Josefine RedkjÃ¦r JENSEN,-4,0 - 0,,350 / 1
941,939,NZL,Rebecca YE,-4,0 - 0,,350 / 1
942,939,NZL,Jahvaya WHEKI,-4,0 - 0,,350 / 1
943,939,NZL,Neisha BOUMA,-4,0 - 0,,350 / 1
944,939,LTU,Elzbieta BAJORINAITE,-4,0 - 0,,350 / 1
945,939,NZL,Pingkan POLAK,-4,0 - 0,,350 / 1
946,939,NZL,Selena WU,-4,0 - 0,,350 / 1
947,939,NZL,Caragh ALLEY,-4,0 - 0,,350 / 1
948,939,LTU,Vaiva ZYMANTAITE,-4,0 - 0,,350 / 1
949,939,LTU,Rebeka ALEKSEVICIUTE,-4,0 - 0,,350 / 1
950,939,AUT,Sarina KOHLFURST,-4,0 - 0,,350 / 1
951,952,MAC,Sok Man WONG,-3,0 - 0,,340 / 2
952,953,USA,Candy ZHANG,-3,0 - 0,,320 / 1
953,953,USA,Jacqueline Wendy MYERS,-3,0 - 0,,320 / 1
954,953,CAN,Qufei CHEN,-3,0 - 0,,320 / 1
955,953,INA,Guniarti RAFIKA MUTIARA,-3,0 - 0,,320 / 1
956,953,NZL,Kelly STERN,-3,0 - 0,,320 / 1
957,953,VIE,Nguyen Nhung LE NGOC,-3,0 - 0,,320 / 1
958,959,DEN,Line Fleischer NIELSEN,-3,0 - 0,,310 / 2
959,959,FRA,Delphine DELRUE,-3,0 - 0,,310 / 2
960,959,FIN,Tuuli HARKONEN,-3,0 - 0,,310 / 2
961,962,TUR,Arzu DELIBALTA,-3,0 - 0,,270 / 2
962,962,FRA,Emilie BEAUJEAN,-3,0 - 0,,270 / 2
963,964,ENG,Emily BEACH,-3,0 - 0,,260 / 3
964,965,ENG,Lizzie TOLMAN,-3,0 - 0,,240 / 2
965,966,KOR,Min Ah YOON,-3,0 - 0,,240 / 1
966,966,KOR,KO Hyun Jung,-3,0 - 0,,240 / 1
967,966,MAC,IEONG Pek San,-3,0 - 0,,240 / 1
968,969,FIN,Jenni RAUTIAINEN,-3,0 - 0,,210 / 2
969,969,BUL,Mila IVANOVA,-3,0 - 0,,210 / 2
970,971,THA,Chanapat JANWONG,-3,0 - 0,,210 / 1
971,971,THA,Saranchana CHAIKITTIWAT,-3,0 - 0,,210 / 1
972,971,THA,Piramon CHAMNAKTAN,-3,0 - 0,,210 / 1
973,971,GRE,Pantelia BARTZOU,-3,0 - 0,,210 / 1
974,971,GRE,Angeliki GEORGIADOU,-3,0 - 0,,210 / 1
975,971,THA,Kornkamon SUKKLAD,-3,0 - 0,,210 / 1
976,971,NED,Esther KUILMAN,-3,0 - 0,,210 / 1
977,971,UGA,Esther NAJJUMA,-3,0 - 0,,210 / 1
978,971,UGA,Ritah NAKIMERA,-3,0 - 0,,210 / 1
979,971,UGA,Suzan ASANO,-3,0 - 0,,210 / 1
980,971,NOR,Sophie OWEN-DAVIES,-3,0 - 0,,210 / 1
981,971,VIE,Ngoc Huyen NGUYEN,-3,0 - 0,,210 / 1
982,971,COL,Jennifer SABOGAL,-3,0 - 0,,210 / 1
983,971,COL,Ana GAMBA,-3,0 - 0,,210 / 1
984,971,COL,Alejandra CAMACHO,-3,0 - 0,,210 / 1
985,971,SLO,Nastja STOVANJE,-3,0 - 0,,210 / 1
986,971,THA,Dolaporn RUHAKARN,-3,0 - 0,,210 / 1
987,971,MAR,Ghita ABDEL WAHID,-3,0 - 0,,210 / 1
988,971,MAR,Oumaima ELHERZ,-3,0 - 0,,210 / 1
989,971,TUR,Merve COBAN,-3,0 - 0,,210 / 1
990,971,FRA,Lole COURTOIS,-3,0 - 0,,210 / 1
991,971,POR,Daniela CONCEICAO,-3,0 - 0,,210 / 1
992,971,MAR,Sara ELMERNISSI,-3,0 - 0,,210 / 1
993,971,MAR,Harag NAZIK,-3,0 - 0,,210 / 1
994,971,MAR,Jinane BITARIE,-3,0 - 0,,210 / 1
995,971,VIE,TRAN Thi Thanh Xuan,-3,0 - 0,,210 / 1
996,971,MAR,Charaouite GHITA,-3,0 - 0,,210 / 1
997,971,NED,Lisa MALAIHOLLO,-3,0 - 0,,210 / 1
998,971,BUL,Gabriela KOLICOVA,-3,0 - 0,,210 / 1
999,1000,SLO,Petra POLANC,-2,0 - 0,,200 / 2
1000,1000,TUR,Edanur KOYBASI,-2,0 - 0,,200 / 2
1001,1002,JPN,Shiori SAITO,-1,0 - 0,,170 / 1
1002,1002,TPE,Shih Jyun JHOU,-1,0 - 0,,170 / 1
1003,1002,JPN,Asuka TAKAHASHI,-1,0 - 0,,170 / 1
1004,1002,FIN,Johanna LUOSTARINEN,-1,0 - 0,,170 / 1
1005,1002,FIN,Inalotta SUUTARINEN,-1,0 - 0,,170 / 1
1006,1002,FRA,Marine NOBLECOURT,-1,0 - 0,,170 / 1
1007,1002,SWE,Ashwathi PILLAI,-1,0 - 0,,170 / 1
1008,1002,ENG,Evie BURBIDGE,-1,0 - 0,,170 / 1
1009,1002,ENG,Hannah PREECE,-1,0 - 0,,170 / 1
1010,1002,RUS,Anna KRASNOSCHEKOVA,-1,0 - 0,,170 / 1
1011,1002,RUS,Alexandra SEMENOVA,-1,0 - 0,,170 / 1
1012,1002,RUS,Anastasiya BATYROVA,-1,0 - 0,,170 / 1
1013,1002,RUS,Karina KHABIBULINA,-1,0 - 0,,170 / 1
1014,1002,SRI,DAYARATHNE Yasmitha Sankapale,-1,0 - 0,,170 / 1
1015,1002,SRI,Ruvini Chathurika RATNASIRI,-1,0 - 0,,170 / 1
1016,1002,SRI,Thanushi Anuthara RATNAYAKA,-1,0 - 0,,170 / 1
1017,1002,SRI,WADUTHANTRI Kavindika Binari De Silva,-1,0 - 0,,170 / 1
1018,1002,SRI,Sithara JANITHANJALI,-1,0 - 0,,170 / 1
1019,1002,SRI,Illmee Warangana DE SILVA,-1,0 - 0,,170 / 1
1020,1002,RUS,Alexandra PLIS,-1,0 - 0,,170 / 1
1021,1002,GER,Theresa WURM,-1,0 - 0,,170 / 1
1022,1002,AUT,Nina SORGER,-1,0 - 0,,170 / 1
1023,1002,JPN,Moe ARAKI,-1,0 - 0,,170 / 1
1024,1002,BUL,Anna-Maria TSANEVA,-1,0 - 0,,170 / 1
1025,1002,TUR,Pinar USLUER,-1,0 - 0,,170 / 1
1026,1002,RUS,Vera MOROZOVA,-1,0 - 0,,170 / 1
1027,1002,INA,Sekartaji PUTRI,-1,0 - 0,,170 / 1
1028,1002,FRA,HÃ©loÃ¯se LE MOULEC,-1,0 - 0,,170 / 1
1029,1002,ENG,Sarah PREECE,-1,0 - 0,,170 / 1
1030,1002,ENG,Serena MIDHA,-1,0 - 0,,170 / 1
1031,1002,RUS,Polina VORONKO,-1,0 - 0,,170 / 1
1032,1002,RUS,Daria DZHEDZHLA,-1,0 - 0,,170 / 1
1033,1002,DEN,Cecilie SENTOW,-1,0 - 0,,170 / 1
1034,1002,SRI,Nadeesha Gayanthi MURUKKUWADURA,-1,0 - 0,,170 / 1
1035,1002,SRI,Renu Chandrika HETTIARACHCHIGE,-1,0 - 0,,170 / 1
1036,1002,BUL,Lubomira STOYNOVA,-1,0 - 0,,170 / 1
1037,1038,DEN,Cecilie FINNE-IPSEN,-1,0 - 0,,140 / 2
1038,1038,FIN,Elina NIIRANEN,-1,0 - 0,,140 / 2
1039,1038,FIN,Annmarie OKSA,-1,0 - 0,,140 / 2
1040,1038,SWE,Rebecka KUHL,-1,0 - 0,,140 / 2
1041,1042,EST,Helis PAJUSTE,0,0 - 0,,130 / 1
1042,1042,CZE,Ivana ZYCHOVA,-1,0 - 0,,130 / 1
1043,1042,SVK,Katarina VARGOVA,-1,0 - 0,,130 / 1
1044,1042,SVK,Lucia GRENCIKOVA,-1,0 - 0,,130 / 1
1045,1046,MLT,SADOWSKI Fiorella Marie,-2,0 - 0,,110 / 2
1046,1046,SLO,Tina KODRIC,-2,0 - 0,,110 / 2
1047,1048,LUX,Stefka HARGIONO,-2,0 - 0,,104 / 1
1048,1049,NOR,Vilde ESPESETH,-2,0 - 0,,100 / 2
1049,1050,SLO,Vesna BRLIÄ,-2,0 - 0,,100 / 1
1050,1050,GRE,Ioanna KONTOU FOUNTA,-2,0 - 0,,100 / 1
1051,1050,GRE,Artemis ANASTASIOU,-2,0 - 0,,100 / 1
1052,1050,GRE,Eleni MOUTEVELIDOU,-2,0 - 0,,100 / 1
1053,1050,GRE,Maria-Eleni ROUGLIOU,-2,0 - 0,,100 / 1
1054,1050,NED,Imke VAN DER AAR,-2,0 - 0,,100 / 1
1055,1050,NED,Debora JILLE,-2,0 - 0,,100 / 1
1056,1050,THA,Atitaya POVANON,-2,0 - 0,,100 / 1
1057,1050,CRO,Dora DRVODELIC,-2,0 - 0,,100 / 1
1058,1050,DEN,Amalie VESTMAR,-2,0 - 0,,100 / 1
1059,1050,ROU,Nitu MIRUNA ELENA,-2,0 - 0,,100 / 1
1060,1050,SRB,Bojana JOVANOVIC,-2,0 - 0,,100 / 1
1061,1050,ROU,Maria Alexandra DUTU,-2,0 - 0,,100 / 1
1062,1050,ROU,Adelina MARIN TERINTE,-2,0 - 0,,100 / 1
1063,1050,POR,Adriana F. GONCALVES,-2,0 - 0,,100 / 1
1064,1050,POR,Ana ALBUQUERQUE,-2,0 - 0,,100 / 1
1065,1050,POR,Joana LOPES,-2,0 - 0,,100 / 1
1066,1050,POR,Luisa FARIA,-2,0 - 0,,100 / 1
1067,1050,POR,Gabriela PEREIRA,-2,0 - 0,,100 / 1
1068,1050,ISL,Lina Dora HANNESDOTTIR,-2,0 - 0,,100 / 1
1069,1050,ENG,Megan CHANNON,-2,0 - 0,,100 / 1
1070,1050,TUR,Ilayda Nur OZELGUL,-2,0 - 0,,100 / 1
1071,1050,TUR,Basak KILIC,-2,0 - 0,,100 / 1
1072,1050,TUR,Buse CEYLAN,-2,0 - 0,,100 / 1
1073,1050,UZB,Dilrabo AHMEDOVA,-2,0 - 0,,100 / 1
1074,1050,IRQ,Sumaya GHAREEB,-2,0 - 0,,100 / 1
1075,1050,TUR,Merve DEMIR,-2,0 - 0,,100 / 1
1076,1050,FIN,Sonja LIUS,-2,0 - 0,,100 / 1
1077,1050,NOR,Charlotte LEINAN,-2,0 - 0,,100 / 1
1078,1050,SWE,Karolina BRANDSTROM,-2,0 - 0,,100 / 1
1079,1050,NOR,Hege ULSTEIN,-2,0 - 0,,100 / 1
1080,1050,SWE,Ebba STRID,-2,0 - 0,,100 / 1
1081,1050,NOR,Marlene WÃLAND,-2,0 - 0,,100 / 1
1082,1050,NGR,Adijat ONASANYA,-2,0 - 0,,100 / 1
1083,1050,NGR,Ramatu YAKUBU,-2,0 - 0,,100 / 1
1084,1050,POL,Oliwia SOCHA,-2,0 - 0,,100 / 1
1085,1050,POL,Kamila MORAWSKA,-2,0 - 0,,100 / 1
1086,1050,HKG,WU Yi Ting,-2,0 - 0,,100 / 1
1087,1050,SIN,Yujia JIN,-2,0 - 0,,100 / 1
1088,1050,GRE,Eirini GOYGLERI,-2,0 - 0,,100 / 1
1089,1050,SLO,Ema CIZELJ,-2,0 - 0,,100 / 1
1090,1050,NED,Wendy HOEVE,-2,0 - 0,,100 / 1
1091,1050,POR,Ana AMARAL,-2,0 - 0,,100 / 1
1092,1050,POR,Joana AMARAL,-2,0 - 0,,100 / 1
1093,1050,TUR,Kurba OZTURK,-2,0 - 0,,100 / 1
1094,1050,TUR,Buket KOCA,-2,0 - 0,,100 / 1
1095,1050,BUL,Mihaela NEYCHEVA,-2,0 - 0,,100 / 1
1096,1050,INA,Lany MEYLANY,-2,0 - 0,,100 / 1
1097,1050,POL,JANOWSKA KAROLINA,-2,0 - 0,,100 / 1
1098,1050,SLO,Nika POLANIC,-2,0 - 0,,100 / 1
1099,1050,DEN,Marie Louise STEFFENSEN,-2,0 - 0,,100 / 1
1100,1050,POR,Ana DIAS,-2,0 - 0,,100 / 1
1101,1050,ROU,Ana-Madalina BRATU,-2,0 - 0,,100 / 1
1102,1050,NOR,Thea Kristina JOHANSEN,-2,0 - 0,,100 / 1
1103,1050,NOR,Marthe SKAUG,-2,0 - 0,,100 / 1
1104,1050,POL,NOWAK URSZULA,-2,0 - 0,,100 / 1
1105,1050,ROU,Ioana IONICA,-2,0 - 0,,100 / 1
1106,1050,KAZ,Vladlena KHARCHENKO,-2,0 - 0,,100 / 1
1107,1050,SLO,Nina KOTAR,-2,0 - 0,,100 / 1
1108,1050,ISL,Sunna Osp RUNOLFSDOTTIR,-2,0 - 0,,100 / 1
1109,1050,NED,Mireille VAN DAAL,-2,0 - 0,,100 / 1
1110,1050,TUR,Derya CALIMBAY,-2,0 - 0,,100 / 1
1111,1050,RUS,Gusel YARMEEVA,-2,0 - 0,,100 / 1
1112,1113,ITA,Karin MARAN,-2,0 - 0,,70 / 2
1113,1114,FIN,Pihla LINDBERG,-2,0 - 0,,70 / 1
1114,1114,FIN,Heini IHALAINEN,-2,0 - 0,,70 / 1
1115,1114,AUT,Carina MEINKE,-2,0 - 0,,70 / 1
1116,1114,CHN,Manlin YANG,-2,0 - 0,,70 / 1
1117,1114,AUT,Antonia MEINKE,-2,0 - 0,,70 / 1
1118,1114,CHN,LIANG Naishi,-2,0 - 0,,70 / 1
1119,1114,SWE,Sara-Louise WITTSTROM,-2,0 - 0,,70 / 1
1120,1114,SWE,Denise SHEN,-2,0 - 0,,70 / 1
1121,1114,SWE,Hanna SIDVALL,-2,0 - 0,,70 / 1
1122,1114,ITA,Marah PUNTER,-2,0 - 0,,70 / 1
1123,1114,ITA,Giulia FIORITO,-2,0 - 0,,70 / 1
1124,1114,ITA,Silvia GARINO,-2,0 - 0,,70 / 1
1125,1114,IRL,MCINTYRE Norma,-2,0 - 0,,70 / 1
1126,1114,IRL,Megan BREDIN,-2,0 - 0,,70 / 1
1127,1114,SWE,Linda Marie DANIELSSON,-2,0 - 0,,70 / 1
1128,1114,IRL,Aisling RYAN,-2,0 - 0,,70 / 1
1129,1130,NED,Lisa BOMERS,0,0 - 0,,60 / 1
1130,1130,EST,Aidi HAMBURG,0,0 - 0,,60 / 1
1131,1130,FRA,Margot LAMBERT,0,0 - 0,,60 / 1
1132,1130,EST,Hannaliina PIHO,0,0 - 0,,60 / 1
1133,1130,LAT,Olga MIHAILOVA,0,0 - 0,,60 / 1
1134,1130,LAT,Liana LENCEVICA,0,0 - 0,,60 / 1
1135,1130,EST,Mari Ann KARJUS,0,0 - 0,,60 / 1
1136,1130,FRA,Vimala HERIAU,0,0 - 0,,60 / 1
1137,1130,LAT,Diana STOGNIJA,0,0 - 0,,60 / 1
1138,1130,EST,Katlin LATTIK,0,0 - 0,,60 / 1
1139,1130,SVK,Zuzana PALKOVA,-2,0 - 0,,60 / 1
1140,1130,CZE,Dominika KURZOVA,-2,0 - 0,,60 / 1
1141,1130,SVK,Lenka DROTAROVA,-2,0 - 0,,60 / 1
1142,1130,SVK,Angelika VARGOVA,-2,0 - 0,,60 / 1
1143,1130,SVK,Katarina SARISCANOVA,-2,0 - 0,,60 / 1
1144,1130,SVK,Nikoleta BALINTOVA,-2,0 - 0,,60 / 1
1145,1146,PHI,Airah Mae Nicole ALBO,-12,0 - 0,,41 / 1
1146,1147,DEN,Sarah FISKER,-12,0 - 0,,40 / 1
1147,1147,FIN,Riina MAKELA,-12,0 - 0,,40 / 1
1148,1147,VIE,Thach My Linh NGUYEN,-12,0 - 0,,40 / 1
1149,1147,VIE,Thi Ha Vy TRAN,-12,0 - 0,,40 / 1
1150,1147,VIE,TRAN LE QUYEN,-12,0 - 0,,40 / 1
1151,1147,TPE,I-Ting LIU,-12,0 - 0,,40 / 1
1152,1147,VIE,Truong Bao Vy TRAN,-12,0 - 0,,40 / 1
1153,1147,VIE,Thi Yen Chi TRAN,-12,0 - 0,,40 / 1
1154,1147,VIE,TRAN Thuc Trang,-12,0 - 0,,40 / 1
1155,1147,VIE,VO Thi Ha Nhi,-12,0 - 0,,40 / 1
1156,1147,VIE,Que Anh TRAN,-12,0 - 0,,40 / 1
1157,1147,VIE,Ngoc Bich PHAM,-12,0 - 0,,40 / 1
1158,1147,FIN,Viola LINDBERG,-12,0 - 0,,40 / 1
1159,1147,AUT,Anna DEMMELMAYER,-12,0 - 0,,40 / 1
